5000
406 2533
3754 9742
2800 44
2787 6832
1989 5622
1381 3117
3673 6966
1629 5876
3284 7456
2733 2698
337 6536
2148 8378
3517 6966
13 2443
1162 7945
4570 6124
3297 4862
354 4168
1226 8217
2440 8871
774 2220
39 2156
3472 9183
1757 7588
4236 2816
1511 9550
1690 8405
931 32
2251 7696
1968 2493
2312 3593
1627 8721
3719 6093
3438 3543
1314 4680
2834 2005
800 5987
3124 117
2707 8104
2194 1564
1276 8875
1042 3894
1634 1935
1420 2967
2955 1955
3454 9863
2883 4056
2774 4580
3550 7870
4519 3961
4615 205
1065 9135
4651 71
2194 5814
4816 2709
4214 157
560 9979
29 9810
4185 2653
3112 6354
2399 8928
3293 3015
1662 3233
212 5558
867 4329
191 2726
2581 666
2318 899
2762 3830
1908 1267
3847 7809
1277 9865
125 8393
4576 8013
3254 7164
4865 8033
1571 6630
251 3053
2438 1265
1135 5967
2179 1568
4821 7453
3717 5857
1063 1375
1810 476
2273 425
4425 2527
2303 2882
2490 9130
4430 6514
4475 7324
2911 4728
1513 7295
1430 5400
911 5135
4760 2744
2630 9325
2634 4352
799 619
4841 4010
66 9675
4731 5996
1897 6818
2166 6079
3473 1237
3761 9007
1043 9074
3312 3208
1078 6567
2050 8448
2829 2031
2972 2805
3688 6085
3796 2723
4634 6725
3176 2915
4470 2265
2562 1901
20 8593
4181 4036
4694 3364
3323 3150
673 3604
3945 11
3199 3308
4834 2277
4542 2562
3337 6079
2020 5561
4008 8756
3162 5110
3550 198
3890 7148
4048 2925
719 1379
269 6424
216 2143
3284 2625
318 6505
464 4474
812 2583
3252 3628
1727 1034
479 1165
219 8357
321 814
3826 3737
973 212
2054 6777
1781 6724
2304 8095
4535 1497
2437 3680
486 4323
4709 4204
734 1178
716 708
468 5190
3991 1021
3381 3925
4690 621
2101 8014
957 1079
135 9418
1457 607
209 3018
3085 980
169 676
2106 4242
528 1216
3588 7801
3666 1411
479 1308
573 7894
2023 730
4381 281
2639 9796
4054 3234
41 2705
3245 2243
1061 4176
2587 1100
1507 6563
3780 2513
361 343
267 8599
4740 3097
3326 5398
1809 1186
4194 3072
3400 9071
1750 4531
3192 8714
4600 2393
405 2301
941 3995
218 9721
1403 5149
2844 3431
3556 9622
2068 620
1458 1197
4052 529
1916 5200
2321 2371
2041 9316
4634 9486
2205 8853
143 7729
4159 585
3856 9520
3329 918
3983 5387
3899 8122
2166 153
769 8682
562 4354
1962 8890
1495 8207
987 3604
3419 247
2293 5938
2256 1209
4574 2952
4218 4018
4577 4598
296 8291
131 1470
2009 4242
496 4934
865 8082
2482 7472
1334 3263
4725 7228
1916 5778
3558 5418
160 7371
940 2877
488 7354
3643 460
4159 7351
4853 1681
1664 1210
4576 5476
144 7654
4149 9416
1147 4064
3408 9158
3378 9748
4579 6363
2982 3896
3393 7636
4658 8853
2192 867
650 4960
411 2154
4294 7470
4843 8559
3003 7052
2273 3260
3536 5060
215 6293
247 44
510 5588
777 788
4222 2987
4012 3774
1319 5922
3502 6918
2890 3378
1060 8516
2515 2886
3144 6785
4971 8797
2133 1431
4451 8260
4186 5701
2561 7411
759 1890
3716 370
4005 8205
2004 9256
2126 1576
4841 4578
759 2203
3480 2521
79 129
4321 4466
1931 7915
2980 4261
427 6438
1207 3360
3999 2303
2207 9538
4115 7996
3989 8233
4240 3412
135 3224
1152 3777
4800 3211
725 3231
913 4795
2108 7065
437 795
210 5814
4214 6695
2836 8493
350 6347
1474 4609
4210 4396
4419 3109
129 6111
88 9907
1859 7447
1503 1142
3196 1497
4298 2952
256 8173
4031 1417
2589 3592
2793 9243
1414 6753
654 9837
4406 9431
4905 2183
2016 5066
248 9652
3080 3565
3267 8439
3715 4288
4815 847
179 662
2961 6271
3371 6253
3703 5317
3979 5609
93 1967
3226 7899
4513 4512
2264 1946
4904 7868
461 8098
965 1244
4649 4225
1367 4061
2191 5631
3288 2459
2942 7670
4753 5367
1356 3350
1614 226
4879 1051
4471 8113
4767 5887
1827 4734
4002 8557
1874 9807
671 2002
229 411
3885 9034
2490 3825
1095 5393
1257 5750
2243 8480
3840 4520
2993 7322
1128 3372
3665 1478
2362 8417
4904 5305
1498 1427
4223 958
1057 9605
4007 2737
4732 5630
3469 8895
633 7927
821 8309
4287 6423
926 136
1813 138
2883 9130
1719 312
3403 2078
2821 7440
3971 4576
1116 132
2707 1045
4431 2072
3841 1579
4925 2668
2036 8070
410 7179
1975 7467
3273 3271
125 6804
696 2290
3578 8460
1010 2944
3293 423
1312 2833
3784 7030
2466 5056
2024 3431
3884 1579
649 2582
3700 8720
3974 3834
1860 367
2050 2271
2213 441
1708 1097
2451 1595
840 8059
3293 5250
427 1672
1345 5554
2868 6931
1596 7228
1089 6174
3762 8088
524 2774
640 7555
4488 8711
1328 5578
697 9137
4171 9426
4860 654
2979 9706
324 4508
1526 9497
78 6185
4081 4712
1626 4816
4252 2538
4322 665
4128 6201
701 6109
1678 584
4090 3945
2782 3197
638 9960
423 1156
3094 5113
85 8059
2397 7958
124 2686
1339 3604
3434 6202
2044 6426
453 9273
2651 2578
4473 2614
4500 8551
505 6361
2898 9453
3690 5392
4241 3585
579 7320
933 7119
2418 2215
1971 3332
123 4822
2390 9618
4588 3628
1143 3
3400 4926
66 431
2735 3489
3130 821
4842 210
1584 1540
2292 8036
2655 7028
280 733
3508 3846
87 8288
4846 9648
1971 3872
3892 8544
3254 7744
2164 8804
1538 344
1252 5566
3185 4240
685 9041
4089 136
3125 5168
2833 1095
2380 4206
4569 9581
4687 1583
2355 6232
4801 6152
44 3493
4763 4076
2999 5490
3720 5338
2251 9623
2746 7800
2606 1752
3648 5263
1805 4583
1385 6003
1821 2499
1028 5504
2260 6152
4049 6497
596 7096
927 1054
2647 8973
1545 5996
3713 9937
1147 2050
844 9355
4932 4035
642 105
3633 6016
973 7138
2549 5209
1547 2361
2357 4902
4885 9203
280 6940
4801 8740
3017 4971
3812 4254
3187 5182
4198 8054
4558 5847
2547 3999
2443 1652
2620 3923
63 22
4935 7467
93 711
1068 4756
346 3900
2893 2272
1859 4473
4910 3454
1238 5767
4285 5115
1018 360
317 8626
1233 8066
4928 8906
2078 2494
2369 4923
1306 7292
3183 107
653 6348
2388 6174
2011 2521
4226 7606
793 3761
4696 581
2345 6902
4828 5378
384 4969
3873 2790
508 2984
3270 7464
2681 9699
4973 3738
2995 7402
3203 573
1320 1180
2251 4381
361 1853
2918 8168
1222 7249
3740 4169
1007 2294
3610 7595
4702 3997
1579 249
4146 9849
4204 6659
4929 638
2447 3606
3507 1673
1361 335
951 6409
454 9329
546 1142
4204 9382
1683 8376
1507 4892
3734 5389
751 4340
1469 7453
4008 870
2326 631
604 5764
400 4759
2050 7555
4994 582
4996 2406
148 7468
3120 5290
548 6863
4949 3323
2768 8095
3856 5671
4508 2206
2152 9717
3246 3418
1006 3863
4564 1390
4190 6422
1562 7902
2290 631
2374 4115
3239 89
1130 1277
3470 531
779 4282
3208 3816
121 3594
589 44
431 9062
941 5968
2111 2949
752 7907
4415 6700
213 3841
1203 6176
3014 6844
4831 358
2451 4632
1401 6789
2296 7166
3075 4851
2185 9903
1019 9712
3822 9995
3708 1820
4289 6136
379 2855
2151 2919
3209 5496
296 9468
2326 4721
1812 815
3191 1714
4302 2135
3573 2474
494 7998
2720 8533
2275 2070
4551 3269
1324 4394
4958 3473
1101 9306
3519 1248
3759 1812
4093 2947
3129 7291
4625 6879
400 2737
2078 5888
4727 7792
483 7157
2905 8359
541 396
2666 2591
3111 96
3319 1456
4028 4938
3521 5114
636 2214
1714 5173
766 3825
1051 7521
3782 2905
4171 2
2012 3886
2087 4485
3877 1975
977 4408
4158 7734
619 3350
3491 6389
4470 4898
2934 9208
2378 6304
4792 6067
3874 3628
2991 9600
4658 4920
1017 6728
2275 7213
71 979
732 6672
2918 7729
1360 5084
4318 7813
4329 1195
2766 3656
1719 8333
1470 440
1834 1928
4092 4641
833 9488
908 15
3379 2597
4162 8676
3728 9952
4091 5793
3489 1628
1280 2484
679 8859
1585 4020
3850 5345
2847 1052
2747 7425
1942 2035
2586 7771
4456 9992
2169 2646
4123 4545
1913 8518
1536 566
1005 104
1281 4008
2255 2362
977 316
2993 9081
3143 2387
3184 1295
978 7181
4062 1957
111 7667
358 703
3522 7961
284 3313
3806 1062
2427 950
2391 9429
1969 565
527 4299
3863 7573
3531 3676
4244 7176
4372 2287
2117 112
3265 4985
4533 8877
3417 3483
4966 4475
2456 6326
4782 7513
3808 9766
4917 7313
4008 4537
4888 1403
4090 6050
2411 671
836 4873
3265 1
4519 3274
4456 2529
2857 5867
4581 4128
1907 2360
2741 8839
4486 1854
2655 5073
2687 5419
3478 2626
4598 8506
2717 8914
3556 8162
1222 863
883 7232
2816 7557
174 8098
4262 8033
3201 6705
86 1990
1652 5977
4929 7058
4124 83
694 8598
525 9365
815 7472
1897 7769
2727 1622
83 4623
3025 3535
3371 9055
1778 364
957 8286
36 6244
3238 9556
82 9771
764 4249
3179 8633
2142 7091
674 8341
853 7554
2944 4525
2870 64
4986 8409
364 155
3547 8656
4730 743
1567 3690
4424 9094
4287 3868
717 6473
1342 8870
4603 9771
3553 6962
2011 8340
282 5233
2396 2132
955 381
995 1475
1332 3749
2513 7751
537 6503
419 6638
4072 1357
1930 4148
1065 7150
1257 5862
2526 7198
4478 8129
1371 9261
2206 7244
2303 2445
4697 439
4212 6271
3351 6544
3778 5024
1491 5283
2427 6952
532 9667
4672 1156
943 3039
4601 5333
3813 7183
4115 5402
1041 4332
907 3454
1759 3100
2899 7077
2074 1271
2047 439
259 9509
163 5244
2397 3634
4909 5476
1961 3648
312 5048
3455 4064
1352 4996
765 8728
2544 1855
3846 7537
765 1565
289 3820
3689 2562
87 9185
3752 1940
4095 1898
3032 8607
4222 1094
2258 2673
3599 9356
4854 8795
845 126
3633 1149
1509 1463
655 8213
1695 2195
1067 8417
4007 7276
4021 5621
4286 9048
1123 836
2919 8976
2101 2753
3539 7449
4877 7654
4399 6590
3918 6659
4123 2970
4173 2513
905 5306
1164 2019
3965 3254
1564 2172
3215 2168
1891 2026
3610 817
3543 378
2492 8677
4607 1382
1922 767
3547 980
909 1508
3916 5162
3846 202
1623 3024
1212 8393
2931 1198
2592 8116
2517 387
2630 2874
2197 5775
1650 9979
2298 2980
774 2300
2494 9752
2764 7439
2701 4985
313 5005
3143 2585
3328 1482
2720 958
440 8659
1698 5993
3870 2323
154 7974
1619 8971
4773 5161
712 9675
134 3269
436 5428
1713 6949
191 1123
2478 4356
837 1379
818 8976
740 2667
1316 4543
1589 8675
1951 7222
220 5777
4973 5534
3414 9094
4597 9503
4612 1045
3900 1239
1665 9557
336 5173
2761 4990
4942 8036
3919 9989
2628 7321
2496 9427
3150 7598
2393 8117
3674 4024
974 3843
4800 8759
225 2004
585 7552
3555 48
249 5964
409 6315
835 6916
4483 4226
560 7577
2515 8009
1136 101
2039 7529
1418 905
4073 4773
3684 3391
195 8508
3158 1950
2986 7066
1261 2034
482 8750
4103 5619
2708 2777
3326 6721
1838 1874
4807 1434
3984 3876
745 8178
502 5760
4757 2273
3769 9651
2150 6144
4134 1091
4502 6876
3398 7239
3436 8265
3315 9875
1639 1624
281 5496
2478 637
552 3048
4116 2581
2915 4203
494 1137
801 3961
4215 7573
801 3365
3561 8797
482 4522
4838 518
1784 6233
2658 2365
1832 2875
4839 8146
689 6757
4268 8815
3364 594
1545 2112
2232 7146
3230 153
666 596
1807 1351
4488 9011
138 7790
71 7275
4529 7173
626 715
1930 2363
1870 7605
409 2021
3479 2328
1668 4583
1581 689
1703 3955
824 110
3920 9449
1702 879
1490 2669
4158 7959
262 3112
3918 56
4365 856
4419 3641
1741 9340
839 1502
2103 8009
440 5535
409 913
4772 3057
4681 8162
4475 2455
179 7374
1789 1798
75 7780
4877 241
4774 7755
3667 340
1814 2720
609 5401
2643 2235
1411 6651
1774 5973
4252 7092
2237 3241
2814 3911
475 8776
1555 9449
4504 2641
2442 2741
3019 9762
4549 4861
2428 6529
399 6315
852 3035
2824 3498
1806 7688
4500 9463
3948 841
2419 4854
684 3626
4183 922
1464 2265
3816 7274
4963 5152
2289 9168
4964 689
4901 9065
4663 1535
4193 1570
3870 1069
3488 2328
259 7395
4633 3459
4990 3863
1419 1911
1036 9439
3795 1350
3682 1079
2677 7584
1868 9271
1838 2939
1330 8915
2155 6458
2932 5042
4940 381
3859 9080
2935 5131
1352 394
1962 4591
3039 4477
1273 9409
3130 9782
2177 4610
787 3335
3296 9105
1073 7977
4266 999
3098 666
3883 7597
89 5298
2469 9919
1511 7471
3767 7526
2720 6542
601 8625
34 6178
581 4751
1300 7342
653 9183
904 8346
2906 8131
3721 7613
1783 4360
14 6533
1061 5134
1152 8795
4317 4918
296 4676
541 5473
4110 2235
3278 6762
3887 91
1679 5047
1349 9448
4896 2969
2774 900
2785 6669
2112 5225
558 7583
2859 7089
172 5008
2894 2207
4144 8080
3953 4450
228 5134
401 6814
3207 861
722 2615
2713 1748
1085 3455
1745 1435
4376 1570
1599 2037
3041 5746
2762 4481
97 6877
1284 3965
4423 1191
2089 4714
4096 913
219 9442
4447 2175
1144 2153
3154 4893
4719 3481
15 4472
4813 3523
252 6776
3425 4814
2841 679
2098 1581
2005 1622
1251 9141
456 7173
1742 4011
4457 5561
2698 2440
883 5969
3527 9725
243 67
115 5735
4207 5255
2660 7157
2242 7722
4939 7476
1342 8401
39 2850
385 659
870 9132
786 8347
2800 9253
2928 447
1411 6405
1730 8327
2363 4267
3078 8561
1139 2639
2115 8664
3787 863
2537 9457
2570 2623
620 3051
129 2960
4399 7642
2697 7431
1584 8585
1282 6469
3313 2003
4931 8901
963 8759
39 1646
4668 8222
1413 1986
4901 1248
3210 6560
2178 4439
4374 298
3295 5890
4670 6185
4633 556
20 3487
4968 7418
2044 939
2557 6153
2634 1871
2967 7652
4332 4554
1339 6646
2445 6861
3395 170
2061 4371
3307 6238
3002 9065
2277 9336
3008 856
1747 8539
3193 5153
1008 5593
4089 8013
3861 1302
1429 3276
1576 7540
209 5131
4952 7802
1693 5026
4414 1797
1066 7413
2377 486
229 809
4805 6279
970 7448
3586 6534
3652 9890
4438 1927
3132 7912
152 1255
1511 8493
3062 9959
948 7358
1469 4956
4387 9468
3934 9880
4864 8073
3929 1815
2848 9676
4078 1811
1056 1108
2076 1084
2154 5376
2763 7532
892 237
2009 6861
2391 3537
3431 6128
628 1903
1792 5617
3145 3798
1102 3136
576 6049
2899 4622
1138 8302
3823 1441
1869 7721
2789 321
1238 2439
771 3082
2835 5224
977 1457
4785 4351
4342 8615
860 669
2175 2281
369 5829
3842 8004
3692 5781
2648 8115
4644 5784
3254 6577
4231 8409
442 793
2702 4941
4521 1794
3948 1458
249 2504
2343 3692
3551 5517
457 3764
2517 4791
3498 461
2473 5125
2618 6796
3640 278
2010 8182
2741 7915
975 7561
2070 3485
4523 9816
574 8111
3816 1162
4900 7142
3148 5081
247 6871
4920 9187
2761 7325
3955 9208
4012 5225
2454 7055
1468 511
3390 8978
586 9145
2075 1466
352 7594
4351 3153
513 2753
1625 6526
4650 6930
1279 3252
21 3016
2110 9653
4885 7461
2773 3145
1089 7285
4024 3186
2192 9084
399 3760
1719 6604
4946 216
2449 4554
1968 9949
3284 9759
3560 7254
3438 598
902 9053
1200 2609
3351 2695
1795 9989
4391 1848
1282 7969
3702 4336
2432 9053
277 1397
153 989
3888 6365
990 2734
3773 5767
442 1718
1939 5406
4492 4346
4359 9538
391 8061
58 8500
1735 5142
2597 4016
500 1173
1897 4581
4818 5182
352 2843
88 7167
3546 3691
464 2408
1758 8574
676 7482
1497 9446
2849 4582
1577 5927
2104 4899
1330 8913
2969 9019
1146 6272
725 1742
1002 9001
4077 3170
2534 5712
257 7823
1736 9471
1547 1447
1010 7378
2912 8205
49 5475
900 4065
2173 6686
3786 489
3303 166
4839 876
330 5844
152 7316
3093 5198
2501 7735
2612 7755
281 8965
4645 4141
137 337
2542 7186
1979 1519
3891 7284
4787 6555
4488 6360
656 6451
603 3338
2041 4416
219 3323
612 8444
3649 4176
779 2997
4608 4868
3322 3268
4103 4219
3260 3219
982 8591
3657 8334
19 676
703 2361
2481 4187
2961 2407
2782 973
3946 4919
445 3573
4221 3656
4554 9424
3441 5466
1298 4281
3296 1005
1382 3642
420 2360
4371 3123
4904 6963
2479 6552
3720 1597
4673 9243
2458 9731
3224 2081
3119 4614
2280 9408
687 1243
4912 1609
3249 8281
2787 1372
3329 2210
747 7035
1322 268
4294 995
264 3557
413 2501
3191 2095
4078 7139
4041 1202
3904 8122
2530 5907
4234 6178
3481 7436
4069 3578
3195 5585
1967 3059
2096 2529
3273 6549
4602 7502
3010 3990
2801 194
520 8855
1101 2041
4751 6040
2251 1920
3420 5758
532 4391
3729 6840
3445 5394
1327 2196
3236 188
3885 5066
1033 3566
2898 5170
4195 9663
1730 8624
2858 9519
2329 2699
959 5847
630 1111
1784 3945
2235 5537
4124 7328
91 609
2058 7576
4763 4578
589 4665
1373 8015
3370 7337
349 7347
2892 5906
3903 7241
4504 3884
2924 8913
3575 4450
2482 8598
3601 5853
549 3742
4051 593
4667 9518
2084 6862
1302 5767
413 6617
3434 7987
3674 5359
2245 763
1524 6115
1550 6486
3463 9725
4253 5195
3860 949
2790 5722
3838 4277
4848 7551
812 7430
610 125
1414 3257
1787 9417
2390 8780
1149 3025
772 6904
1702 4864
3720 1748
2048 1105
4421 8977
1525 7562
3886 456
3044 440
2450 8166
2903 706
4145 5736
1485 3267
2852 8632
4228 9157
2178 7663
713 350
3931 7499
2774 9797
3761 7618
3885 8472
2969 5763
3474 2558
3960 1677
3213 4511
1753 515
4602 5777
1951 1150
1203 8853
2852 8769
864 8711
2024 3770
4203 4156
1377 8577
125 8357
538 8099
4344 2310
710 6238
4808 8682
1616 1510
1417 7876
451 7776
2541 1896
1782 9462
3968 9887
4168 444
4024 5347
3373 8467
3883 2571
917 1175
212 2674
1981 7425
95 761
883 9532
4609 2604
3553 3526
4119 6268
4755 1180
2570 2700
3798 6311
4835 1118
4538 2502
2542 5944
830 7999
2643 7157
778 8814
226 6422
3192 4889
4161 2046
3833 818
515 7986
4747 4594
1139 7678
4561 7984
998 1565
740 2217
1564 6815
1649 4445
2523 358
4703 8964
691 647
2635 9096
3326 1479
3677 8300
2954 3236
780 3353
19 6471
981 4533
1294 7319
854 3449
1050 2884
3145 7168
777 4160
3097 6587
982 3482
2884 8623
735 9327
351 4025
1017 5725
3453 3896
600 5751
404 3893
2485 2780
2118 7444
1712 2913
4589 8149
1382 8392
2326 3390
2157 964
4959 9851
127 9278
3198 3565
981 3141
1642 5660
4414 828
2286 9853
2202 1578
3612 6933
60 4600
409 7711
782 5476
1182 9676
687 2313
3368 9061
2993 3741
2898 6475
4383 2590
4094 7805
2822 2411
292 7985
119 1607
4206 2391
1936 2365
4444 1009
2339 1414
1076 8908
134 2472
4998 3059
1346 8493
2595 8050
3054 2305
4567 6895
4669 2951
3341 9533
4096 9183
2430 4083
1942 4292
147 6248
909 8764
571 9293
899 7377
2673 3895
3074 3816
1242 5906
2130 2230
4099 3189
120 8670
22 9013
1853 6709
3441 2915
4530 3194
1365 6842
1704 5394
1785 9394
2756 6811
4018 811
1722 1951
3254 6471
2850 6550
1180 7003
2804 8439
1531 978
2341 7858
4835 5986
97 7998
2070 2954
2915 5585
771 5758
3924 8996
3094 5426
686 7812
2183 6364
1816 2953
4468 1280
597 4933
2181 8541
1069 6819
3918 8996
525 4267
838 6328
4304 7536
1126 4189
3060 9797
4954 431
4586 5413
3726 2529
2781 2976
1108 4250
264 3983
1308 8265
3037 2767
2261 1505
2351 2537
3744 8536
2178 3701
1068 39
2063 4730
2176 500
1157 3124
724 6353
4024 7379
4580 7603
3775 9733
2649 6415
2672 1333
3689 4690
4075 8179
393 9336
3866 121
1789 8455
1218 4249
1738 897
214 9764
379 8246
4650 8807
2709 1023
852 3856
911 1623
998 8653
3225 2012
4751 7244
871 3915
3505 3504
3181 9385
2461 5742
835 3355
3144 9668
4301 6439
1278 103
2178 7019
2252 2239
3906 9989
1224 1079
3209 9560
2594 9630
4014 7078
4659 3637
3401 8786
2900 2160
4090 1703
3962 7489
2728 6964
2348 381
1945 6970
849 8407
3035 5065
820 2118
757 4654
2017 1100
77 3279
538 883
2667 7455
2671 735
1102 4027
906 1487
981 4027
764 8530
4082 1327
3822 9710
757 3435
4048 7655
614 7752
4671 5201
2068 2551
1676 8922
2184 3617
3498 5415
2403 1521
320 9553
1235 6570
1782 2027
4066 397
1171 7721
209 8422
511 5203
69 2578
2290 7696
753 4917
3414 7304
4826 6702
967 3690
826 4893
375 7088
222 9593
4383 3530
1349 1158
1278 1859
4257 125
3753 8620
4290 5185
3924 8114
1297 7296
2518 7538
3683 381
2570 7010
2054 1296
4502 1565
251 1722
526 1054
1991 9772
1976 6784
3937 8179
3008 9349
3740 8036
4685 8601
4726 5328
238 250
1254 3853
3826 8784
4141 4051
1264 1426
1660 2107
1333 6474
1789 2047
4907 437
287 5896
1934 6292
2077 4184
2256 8458
1505 5195
3707 7352
1953 6305
752 6765
2887 8515
1341 91
1731 3195
3378 7715
1409 9705
2968 5490
4093 8382
1150 1385
4182 194
4437 4676
1326 8021
3435 6126
3967 7857
2838 619
527 8664
4961 4322
748 6247
4797 5180
3864 3918
139 5951
2072 2270
659 9642
339 5943
835 7574
4174 9879
3515 5578
2562 1917
587 8147
2006 4426
1955 7312
2455 5901
1482 4245
3503 5653
1730 9738
4989 6150
738 2216
2174 2084
4188 160
64 1818
703 3995
2507 9859
4775 9714
4250 4108
3221 2098
3468 3230
735 8127
2940 6997
693 8057
675 1936
2973 1767
2719 134
1743 4015
3923 9760
2240 1775
2938 6269
2865 7419
4097 2154
4507 8342
1962 3459
1125 9713
2599 1450
2246 8806
2194 4428
2734 7190
3483 4679
4951 7956
3530 5766
1551 9449
4480 1665
2095 4053
3578 8937
45 9504
3061 3684
270 9935
2752 2098
3411 6153
1516 6745
1553 8950
1752 3886
3325 1654
3302 3660
712 2112
3183 7775
1207 7264
3350 539
4465 2071
4444 6181
2840 5197
679 2323
1566 9373
4824 3960
3229 3253
495 3357
3377 8767
3541 7862
480 5673
4230 7419
187 3334
3165 7975
2064 4484
2737 6645
1106 6538
978 5273
2309 8495
2286 3430
8 8682
1803 6292
3349 9301
4023 1023
3012 1085
4147 5537
4529 9456
774 3338
2680 9841
3242 631
649 1428
1817 3337
1494 2867
1178 4611
226 7243
2318 5857
1398 9937
246 357
3380 7936
1097 7562
4218 9111
4280 7827
2561 4887
463 2441
2248 5247
4260 1038
4804 5657
2395 7519
2536 5555
1062 6499
4539 1424
590 5304
2680 7462
4166 2268
1942 6941
3169 8008
2249 6116
106 3799
4777 1998
628 9339
4190 2430
1358 5579
408 1262
3158 9342
4376 8593
3512 5302
4866 9879
1485 768
2721 7411
1872 6307
2531 8373
944 4838
2641 686
1332 7680
3767 8786
3595 3891
1623 637
2380 1655
469 4520
779 8245
1296 9069
898 4999
574 4865
3092 2543
4156 4233
583 9726
192 8251
3610 6829
2773 139
2954 3211
2846 664
4860 3062
2114 7974
3401 2988
3471 8053
2170 4091
775 8501
472 923
4876 4841
279 6365
2642 7620
3089 4441
685 6966
353 6871
2839 7566
1350 4926
911 8645
927 531
44 1119
3604 6634
3803 5220
3618 2707
2933 9427
2179 3431
1070 9161
424 2536
50 9998
2348 6992
627 1490
1427 3924
1904 5852
3992 9180
2038 6574
172 3373
503 6088
99 5889
3036 8320
1322 1340
271 5009
4824 5602
3780 700
906 2341
1290 3148
2315 7554
415 6955
3217 2251
4577 8113
2083 3462
4373 5022
4006 4296
4187 3558
3884 2982
2516 4036
4236 1061
4036 2958
4662 9171
1274 3423
479 4818
2196 2805
319 3270
2529 6034
2668 7195
149 7612
3837 1477
3103 2365
2963 7423
1985 2307
4831 4267
3873 7109
3053 8197
2328 5067
4053 6194
4690 1459
4698 2273
2934 8810
2313 8982
2834 2870
4708 7651
4734 3228
3896 7739
4720 4691
3017 8122
3133 8579
3462 1891
1960 6794
20 4738
279 254
3963 4096
4060 4777
443 1828
4130 4830
1875 3415
827 551
4907 5405
1753 4949
2824 4733
3313 6652
3013 9891
2573 7987
90 2994
4347 4219
4523 7917
2959 1170
1369 5289
1257 2279
1444 7792
2171 6355
2320 1763
1141 6638
3370 2563
1739 566
2344 5285
3033 550
1507 5903
2994 816
401 7602
4632 1662
210 8862
219 8881
1921 9886
764 4290
3901 9697
1218 4241
621 2095
2128 1931
4714 3731
625 5119
1030 3525
143 5776
2191 5680
678 4234
3260 2703
245 9744
4676 3065
1780 7983
3044 8322
1638 3644
1700 6710
2819 9380
4179 5526
3650 6163
1720 461
362 4033
424 2423
4529 6416
735 444
2958 6258
3761 2197
817 5631
2941 9586
1558 3424
328 2542
984 9645
1855 5360
1156 7172
1666 6134
181 3703
1539 5239
4480 9285
3881 9179
4129 2615
3483 9605
921 2663
1519 9581
4883 3320
206 6808
210 80
4894 930
4006 9509
2470 767
1436 1474
2053 6209
354 4080
3857 8754
3165 1307
591 3473
2571 4302
1084 8161
2325 3474
2140 9777
4199 9439
4209 4815
1846 8677
3748 5633
4422 1862
242 552
485 3731
2508 7796
4864 9360
3032 9562
3725 1750
3732 8090
1752 2917
241 6706
4740 2553
2179 2904
3627 9405
3692 4535
1374 4964
4298 2933
347 9166
2823 7380
90 7092
3138 8462
3285 1081
1987 8463
3593 2003
4162 3566
3692 846
390 5725
4259 437
1036 1188
672 1308
4675 9319
2229 415
1974 7264
2003 2644
3397 8056
3662 2849
4806 9861
4322 3161
3841 4392
4969 5818
4450 4385
4073 4010
998 6060
4537 3116
741 3963
3456 8451
25 6392
2827 1243
3224 7958
2844 7756
2260 4235
946 9242
3340 3021
1939 6090
4477 93
3336 114
4914 6716
4517 3910
2368 2807
3024 2238
2451 1549
1404 6723
1678 2226
4250 7645
1830 5463
2184 2984
807 4098
2829 4991
2692 3133
4091 7661
1065 5472
4097 2352
4663 2932
4370 2776
808 9307
1086 4131
2323 5761
2770 8730
2078 5102
857 4249
1741 3086
1181 301
1365 886
1236 5339
2567 8218
4433 2826
4087 7380
4970 3210
1574 1648
345 1848
3753 2165
333 2663
3520 933
4475 3312
2577 2021
2789 4217
4009 1666
1485 8676
2525 170
410 2094
4078 3122
3486 7080
2632 4606
4210 5445
1607 4932
1860 7824
4959 7515
514 7677
2736 5794
4961 9135
147 5329
4584 9451
3177 4618
1284 3827
1400 8036
2429 2128
1916 3208
2734 9205
3335 354
1501 6890
614 6658
1289 6090
313 368
4543 4137
563 6899
3315 2878
3922 2037
3825 6618
3701 5076
347 2308
4821 6231
4246 9100
2802 798
2629 2241
4596 50
4908 6940
986 2461
3178 562
2670 7361
4156 2975
623 2255
4282 9558
1376 5028
2025 3658
1484 7178
1520 2687
4462 1105
762 421
120 9684
2783 4205
1847 9907
874 3697
1493 4815
1077 2744
2760 9839
4683 8742
4354 5942
1476 7748
3509 6273
2249 8884
3652 5852
500 1242
3542 8996
4620 6779
3800 1859
4093 2624
2953 3765
396 5738
2306 9155
1657 3819
880 6208
286 820
563 9768
3590 5245
209 9228
4993 5406
1889 1992
164 7490
99 4639
2 8048
3370 8506
3817 9629
4693 6346
4461 5664
837 5523
4583 9150
720 4572
2076 9826
3618 7182
1835 462
792 3716
4978 8820
967 1835
3174 7981
1040 6524
3497 2388
4746 3046
3263 1825
1086 832
3 4895
4964 5655
555 3461
374 9819
2494 6426
1828 5009
344 2084
3236 8808
2191 4086
2614 6681
2406 4921
2379 4737
3848 7976
1897 9230
4723 1018
2427 1240
295 1258
3743 3767
2523 8348
136 8282
3975 8597
516 1249
4553 999
4662 9580
4762 8698
30 7291
3343 7329
1309 4030
3709 5663
4805 2672
97 9648
964 6888
742 6810
4308 8084
3933 7590
4366 3859
4317 1115
498 8215
4215 4486
2557 9670
3020 9806
2787 2407
693 1981
4626 8219
2540 2651
4999 7722
1944 8546
4174 1744
4055 6032
205 2071
2579 9424
668 5438
4051 6700
4196 5515
4059 8622
2092 2454
2178 987
1309 2283
3056 6270
2191 9313
2685 5509
307 6359
1283 2595
3190 8230
4351 7816
982 3029
1983 1922
4208 7992
729 8218
1644 145
1374 983
2459 2890
1221 3993
4785 7351
1581 6417
248 198
3809 9397
3698 2602
2510 7438
675 9872
233 9071
1350 6353
4368 2732
3494 421
3779 312
2004 9157
193 3105
2749 5375
3934 7569
4513 1747
150 7957
2830 7055
2118 19
3341 9351
615 9051
273 970
2252 728
29 7303
558 5927
606 7792
787 7625
4558 1545
950 6890
4699 7079
2569 1436
1809 1470
1670 939
2428 8383
2768 6192
3792 6644
3982 4277
2659 4325
987 5996
2000 1729
1798 5912
3964 9479
1846 6413
4376 4064
453 7126
3342 6290
4437 2407
1248 9814
274 3391
1698 3961
568 1313
1402 9899
3478 7655
1939 1323
1382 9976
3714 163
4344 8524
4151 848
2565 2368
1537 4665
489 7224
885 9022
4916 434
2621 9241
1446 6952
2268 6108
4143 8596
4051 2492
2440 3988
1485 7217
2981 5027
4937 666
4172 5738
436 1596
3295 2198
1527 2924
3172 7937
2604 8080
3200 7613
584 6681
2807 1333
3544 9906
1501 815
4035 7787
497 7332
1087 7526
4946 3094
2574 4702
4395 483
1084 1320
4920 8180
1050 6617
4536 2373
2357 4252
3133 2537
965 3719
4794 6267
3652 2011
436 3896
4821 5712
911 2981
11 7877
1631 2032
729 815
3512 9054
2125 487
1225 4923
670 3812
57 4923
3405 418
3449 236
1979 8223
809 2368
624 5671
1781 8040
4930 7698
364 1958
3072 9707
2156 3912
3628 9539
2450 247
4430 8017
2972 4108
3979 3857
4481 2167
911 1943
2161 4546
2373 5000
3198 6716
3767 2120
2050 1022
3105 1254
3446 3541
790 6614
1604 8252
4618 4785
718 2332
357 166
3484 5774
874 1237
646 434
2559 2345
3699 8091
4983 9544
3443 5635
243 4390
1123 7637
4750 4903
4968 9509
1242 1239
2129 9102
4661 2941
2656 5665
1281 2010
4999 471
1169 1987
1530 9460
3002 9496
1782 2111
4793 4569
3923 9990
2474 1646
4222 8553
4112 1307
2377 662
4366 9256
2338 215
4620 995
3294 190
783 6530
3053 2679
4445 1072
520 5561
520 3120
1542 1290
3448 9746
867 5900
3772 1215
458 6252
3077 2268
2451 6816
2942 8004
427 6590
2490 5977
3175 8407
2807 214
2985 2290
857 7230
4276 4832
1141 1194
30 5770
2697 7364
219 9495
3121 8428
695 9693
697 9749
3337 2354
3388 9345
877 4218
3652 5232
4069 9436
3691 9181
2912 4598
2733 2395
833 5289
4431 1349
4755 5735
3310 8517
1907 2851
272 481
1574 5765
1182 7984
1669 9220
3977 4374
1968 2668
1220 3602
1977 9771
3632 3565
1087 8991
2519 9039
3428 6652
1700 2873
4044 6929
1742 7147
4934 2498
4539 3696
4686 4860
282 8550
3421 2217
3426 713
649 5138
2627 4574
1138 6928
2077 4803
1721 5936
4561 7271
3092 2163
134 6357
131 2865
4199 6353
4080 400
3623 5891
4502 3822
2202 2607
2111 1897
3490 792
4761 3966
380 5498
3092 2964
4281 1857
3883 7516
3916 4646
443 8184
378 2727
1241 8279
1986 1359
2383 7387
4288 5984
187 3392
1406 6494
91 2342
3991 5094
709 594
1905 9937
754 7127
948 9961
1693 4657
3357 9053
3143 2356
2307 8475
4698 9410
2013 8683
3676 9132
2470 8694
210 6738
3402 2326
3943 271
1792 8877
19 9273
2837 8628
3950 3767
3800 6195
3098 9180
1859 3781
2040 1549
1208 93
183 2728
2582 5095
1802 7199
922 2359
4238 7400
3469 4215
1196 5304
4515 127
3697 80
917 7784
4153 4140
2350 8102
572 1194
1873 7422
1158 7412
2027 2681
1359 1930
2716 7911
2932 8018
347 1075
751 504
4835 7763
3794 2203
342 5340
762 8193
3201 3661
2169 837
3359 7932
2439 1611
3387 5298
4561 5698
803 6300
1592 6257
4361 844
3279 190
1797 6038
1903 377
1812 1453
1520 3925
2131 6067
2945 7877
447 7990
4201 8488
1212 3293
3840 3735
1402 3767
3137 4286
3880 4155
1486 7020
550 1449
1913 1578
3832 6786
1489 3891
4921 8860
2829 6443
3613 643
4981 5254
4156 5080
3716 7326
1368 7753
4213 5980
1962 6265
3163 4861
2848 9216
36 5860
4584 8047
4492 5553
4366 6943
1098 3820
4382 1152
664 5160
1391 2237
3396 7431
4204 9517
4092 3934
1862 4254
2739 7214
3020 4818
4896 5457
272 9061
2411 2294
2380 835
3056 2112
809 1582
862 9697
4630 3097
1327 8451
4572 7121
4110 9019
4144 8566
2373 1756
475 4354
873 3251
2882 4567
2761 6784
3555 7098
790 9283
3776 2377
4802 5689
2557 9868
4389 9445
4730 8414
4180 5814
3768 7730
1800 9563
3827 3987
1166 8590
4974 2000
4589 8610
1624 6839
3061 9563
4207 8446
3906 4778
1259 9324
4380 3717
4849 4079
624 1555
2208 9574
3633 7563
1471 197
1871 4765
3558 7010
1746 8122
2054 5838
2416 3974
4641 1880
4686 9723
2589 229
239 3654
3592 3072
3367 5438
3825 7883
3764 5420
4932 449
2627 2032
5 3944
4071 3239
3911 8230
331 227
3474 2294
1033 9935
4759 3065
2740 724
4322 5626
353 2617
3783 5547
4182 1355
1719 6699
3739 2952
1613 2727
4083 9129
163 1500
136 2161
4504 1851
648 8720
2546 4641
3869 6781
1450 3321
3463 6551
3876 826
3 3699
4242 9458
679 926
171 7994
1736 6373
2654 2578
170 1847
96 8334
4144 3889
2378 4041
3938 6869
3292 1716
1307 1997
1732 9091
947 180
3793 5166
2711 6412
3360 732
376 800
498 9296
875 4263
3885 7152
1477 2850
4379 9613
3307 8566
2021 4112
4173 7361
2775 7619
717 4564
1071 748
3797 3603
318 7694
909 5098
3716 9731
2062 6005
2958 9914
42 4846
4180 6257
1647 7006
1156 5713
1108 6455
2766 4705
4360 5045
1773 2518
1379 5303
2397 4987
3368 8853
1471 7360
3623 7478
1936 1929
4113 5639
4323 6553
2686 1039
822 2114
3339 9019
3597 3931
3888 6101
4287 6772
4100 9677
4457 95
1465 2716
4237 6674
3142 6295
1662 855
1671 1840
1944 4918
3521 665
1546 2589
3027 8122
4165 7388
884 7075
3364 8743
444 6392
2889 9918
411 3675
3233 7178
777 6099
1487 247
3953 6444
3602 8651
3009 2263
3864 8080
4213 9033
3402 9054
677 5636
2127 3565
2663 9097
4102 1632
1440 2276
1891 7238
854 5759
3856 1686
881 2606
3667 6664
2823 1175
2720 7404
4248 5631
2346 9506
219 2937
1833 304
2629 5406
1385 4730
1910 725
132 6249
2236 6031
1799 9683
3122 8494
153 5600
2840 9207
1307 589
2098 5114
232 9218
1931 5347
2917 6575
4152 6059
1028 3209
2590 8177
2167 4611
4553 3382
1952 8560
1047 7344
4721 1121
4487 5226
4904 4036
1449 6487
3320 1104
875 141
853 2121
3953 1697
4003 4624
2321 4728
3934 2199
3165 7633
3151 204
1802 1284
4574 5292
4705 5962
490 1374
1790 9153
2779 2079
881 6028
3674 2129
1487 2565
3984 6970
2475 367
4996 2718
2353 5776
3053 8032
2006 1752
3011 4893
1064 9459
766 4887
2058 3983
3881 6391
3822 6143
4606 648
1098 1152
2965 89
2857 6326
4197 7329
2242 2329
3654 383
823 9759
4673 2866
1013 6072
3685 8437
3177 5276
2752 6685
1972 1959
3050 3109
3918 1906
1043 4358
1096 4798
3116 9298
4186 9914
3138 1923
2493 8292
37 7001
3069 7318
1620 5584
2955 6429
4243 8627
106 4406
2993 7693
1946 5568
1683 2992
954 5629
2019 8635
3561 6355
4786 838
3375 5738
4259 9499
2362 6603
2974 7390
3466 4775
4789 2852
2222 8142
492 5504
4481 2960
4848 7141
2082 3278
1318 1292
864 2002
3369 2460
3314 2529
4652 6004
3296 8983
2267 6774
1167 1818
3164 206
4707 6338
3861 9303
3072 9541
1502 743
852 6422
4904 199
1267 4510
4159 6222
4112 7757
1105 1611
1939 8638
1221 9405
371 9680
4636 9091
4774 1358
416 179
1382 4592
3407 6492
776 9457
298 1323
535 7207
4486 6253
1519 1524
576 9892
4301 3490
4160 8990
3520 4800
3496 8921
3721 2444
2942 1986
1229 5167
3247 3690
4171 737
4908 9554
4322 7124
620 9730
906 5210
566 5469
3947 5837
3914 6501
2979 1122
4122 9785
4149 6847
3651 8543
2301 5680
2041 2536
3636 3077
3964 9211
2060 1469
2025 9975
1568 828
1191 5969
1678 5538
4632 882
1532 8672
1523 3631
2923 4163
1284 9380
2795 6971
4873 568
4765 8443
3280 6278
4161 6157
3733 6704
4963 8818
4804 2753
4481 1429
4321 6031
673 9516
3164 9192
4497 6305
1082 5499
562 3025
4753 6053
2210 8575
2718 5126
1612 382
4043 3642
3869 3359
4405 4873
1629 8363
4392 7544
1627 3038
1961 7840
1059 1773
3467 987
4780 9914
834 3232
2639 5766
3078 7407
3602 7863
4953 7726
2040 6940
1624 2273
1044 4338
1887 7276
3355 5850
337 1192
532 432
1540 3434
406 3630
4854 6834
3362 3580
2009 8158
3768 209
2154 7601
457 8086
3089 3073
2382 123
4973 4918
3514 3739
2364 8270
2492 7404
3301 4166
4554 2783
3733 3011
869 9792
3987 9592
4268 3154
1261 2325
843 5053
3419 7100
3317 9775
742 7706
3970 3706
1685 5833
1910 4851
2529 148
3957 4016
4591 3773
3141 3654
4637 9155
3744 5014
4735 1723
1356 3195
686 543
4173 9602
257 633
2002 576
797 114
2415 756
4969 5568
2920 9958
655 9226
3822 9843
1750 5647
355 7515
1348 4979
79 1231
1157 717
776 3135
2467 7166
2354 6126
4785 6747
1755 3522
4307 8748
566 4327
3212 7355
4436 8295
1338 8741
2431 4071
531 2025
4702 4002
1833 5410
93 2650
875 3949
1640 3777
4168 7788
2225 7670
98 5564
465 8890
1741 6077
3015 5824
3701 6351
977 7741
3066 6098
2070 2461
4508 9995
3795 9104
4952 6767
157 983
1898 746
4960 7189
2603 2789
1605 7280
786 1682
4664 5495
3661 5244
4066 2666
1521 5957
3196 9740
874 816
3848 203
1978 5360
3453 3656
941 3186
4213 1047
4823 7115
2009 7668
1595 4565
2833 4959
1553 3829
369 882
2106 2725
537 529
3363 8214
1295 921
4423 1979
1593 2192
1004 2599
673 2928
4008 3821
2261 2802
90 4408
2136 4052
3517 8183
108 1733
127 7639
776 7246
874 501
1666 5788
121 7060
919 4336
1347 2420
4554 6099
1099 6359
2034 4018
3673 7598
4627 3642
2788 2319
4949 2201
1352 8427
3891 2392
1041 894
2722 1605
4274 9916
4249 8446
3785 1694
2393 5465
3225 5549
3515 7887
2460 8450
2129 5122
2518 9544
892 422
863 9813
902 4313
2503 9496
4192 9323
3807 1809
812 7921
3933 668
3482 9843
2610 4851
2272 619
55 5314
1261 4269
4949 8441
3545 5325
4755 5497
4511 2835
4205 3759
4154 2180
754 8923
1379 7878
3877 3029
898 7271
3057 4249
2701 6349
3915 9483
3112 2423
2355 7361
1580 6056
639 4213
2416 7470
956 6551
3574 8598
4291 1594
2827 6214
4234 9560
982 9395
3241 2674
2594 3097
4330 4350
4129 6554
4266 3937
1619 967
3059 6374
3510 4490
1182 581
1069 437
3012 1843
1073 5780
1707 4333
2534 8355
333 9993
510 5133
525 767
854 6964
3455 2949
3074 321
3186 4688
59 3388
149 8998
4267 7019
2152 7095
978 3218
3395 4625
1216 1256
2708 8618
4157 6860
1097 9550
2361 5149
1292 9828
1891 1233
272 5845
1653 2440
3798 4953
4519 5487
1728 4437
2115 6823
4739 5844
1226 5184
499 5807
4302 5794
4815 6478
4725 6221
4738 1424
3508 592
3963 3840
715 9664
740 4204
1083 5986
771 5299
1559 2066
2081 9151
4922 2467
984 8626
4893 159
3566 7542
1624 6345
1403 2286
4288 3789
1228 1658
728 8763
2609 5518
778 8235
3374 4553
3820 2329
2029 5792
4365 6015
4383 1210
4070 7661
1008 8122
975 8484
2932 6558
4204 7554
437 8633
3532 4467
2080 5762
3641 8783
4121 7260
4438 2992
1133 1847
3732 9675
1625 4145
2717 816
4497 5047
1227 9774
341 3754
1001 9782
4001 4264
307 1698
1316 9202
4722 4780
4197 4122
3915 5566
2599 4408
1168 2207
3028 699
1841 8446
1216 7390
238 5793
1933 8107
4785 8910
2997 434
4826 1656
947 5001
4706 1228
3897 3695
2086 8357
4521 4272
2726 3777
1795 7399
2113 9243
659 7626
3541 1250
2647 9039
2008 187
1006 3383
430 506
1658 4405
2896 4851
3289 3291
761 2470
3588 6864
4754 4762
4978 1675
4428 7354
4839 3004
806 3502
4358 915
3102 588
4319 3039
4202 5966
3319 3350
3057 4201
2224 1883
2941 5334
1124 8136
63 4426
292 387
1219 9437
589 255
325 6571
1722 3540
1239 7447
4990 2471
3160 5028
474 4177
649 1454
3489 4614
3742 4443
171 3816
4488 9179
3332 2604
947 3337
4998 8318
446 477
3471 5660
1141 2384
4704 7878
3719 5976
2626 2561
3761 1969
326 7132
558 5689
1685 251
3953 8768
967 177
2311 8625
1820 1699
4979 6819
206 4264
488 3884
3209 3329
3011 4021
3243 7284
3759 1718
4095 5616
4303 9179
1114 8773
10 3088
1297 3723
4815 2717
1633 5354
1946 810
4237 7535
4070 1732
847 1102
1711 6186
4198 9923
2588 6051
49 6584
4961 9926
4537 9611
4619 8542
2749 7375
1091 5550
2472 2468
663 8155
3058 7099
1321 2061
122 412
2716 51
3470 7122
65 7305
1392 3419
1551 4011
2456 325
3283 2236
4702 140
316 5513
3947 9330
2679 7515
3484 5038
812 2602
4178 1107
3634 8035
1002 7639
4466 9647
1761 4164
4200 2052
1474 495
2662 9245
2490 7348
2564 2644
4525 9500
474 9367
4479 9578
4743 2765
1616 4544
2256 2235
1435 9598
4946 3084
323 6148
3616 5316
4884 7440
1067 7828
764 3289
4789 6700
4765 3527
1532 3582
977 9708
2561 4297
2626 9512
3307 3427
697 6709
4308 7525
3118 1216
1517 4953
1806 685
26 9789
4532 5101
2219 2123
1483 4133
2336 6889
2487 2064
4303 6754
2826 680
4373 9053
2749 9107
4480 8680
4459 9001
178 9026
2008 8490
3788 7768
2340 3064
4457 5369
21 3282
2357 7674
2719 7401
2043 672
1553 8598
2668 3563
2314 8109
3936 7333
4679 8953
2952 8489
1565 5759
3304 6017
4346 6002
2506 8555
651 8432
1238 5412
1417 8248
1810 9713
1976 2393
3259 132
4447 3327
2680 6030
3898 2521
2580 4387
2912 8475
819 6327
3774 7033
3150 9748
411 7957
2296 1277
3097 7766
2916 1668
4795 849
2133 3369
2780 9358
997 2059
698 2254
2627 4265
173 6133
4172 9894
819 5235
4564 4895
1031 8138
4067 7333
910 5243
428 7884
2283 1399
672 805
3067 6723
2405 2615
2016 1612
879 1150
4665 9490
1987 8821
99 9371
3192 2094
4435 8044
2541 9360
15 7699
2694 7235
3424 1568
3065 1980
2960 3726
1125 4351
3963 8706
788 3859
1365 6641
1101 9995
1002 4607
2042 3763
4498 693
3852 2445
789 3140
1395 8198
1998 6651
4019 3899
1991 5460
1211 739
2523 917
4802 7752
981 9008
353 620
2672 1347
4503 9226
1159 2394
736 9631
3595 6863
2867 706
4935 2808
4179 1880
4772 487
1356 5788
2221 4349
1822 914
1109 5836
2575 9417
662 9294
904 1750
155 6493
1641 8179
884 2453
758 263
1962 9361
2300 9620
3018 2281
483 6309
4228 1252
584 5759
480 7214
3545 6106
3930 2547
1967 8550
4080 3379
3434 5497
1849 3795
4576 6999
3302 7145
1043 9991
508 9593
2855 6474
516 5330
1761 6396
4463 7652
2466 160
2093 1258
816 3623
845 1058
621 5107
4158 4114
920 211
1099 2036
1551 4383
363 9810
4562 6701
2406 9381
2403 4883
704 2865
3106 1985
485 516
1513 1628
4493 6
2050 6175
928 675
1387 7663
3752 5326
3747 4917
1908 9522
2267 5535
2454 4930
2947 6362
986 4152
4852 7472
1713 600
4880 8185
4227 496
2647 4613
4594 1389
3652 9115
3004 4238
3420 1843
74 3161
2357 2567
2414 3947
1643 9191
2806 546
2107 6061
1713 1870
654 1256
3255 3017
2791 7154
2173 4881
4846 6476
3038 808
4088 7204
4631 5964
55 9590
4010 5122
1252 8726
4693 5975
2269 6064
4861 3159
4714 2213
3741 4179
3082 7295
1386 7705
4605 7172
3836 6395
3335 2147
1240 6200
3161 8507
1322 4431
2319 6282
1846 9819
4435 2955
2399 3526
3595 1546
1509 4958
4812 6715
1596 7239
399 3442
3214 1313
1773 4696
2262 7459
4127 8193
3813 3836
2603 8213
4738 7657
590 270
3640 6958
1093 3192
3689 5528
4462 7651
4035 7897
2422 9180
3980 8833
2723 6434
4898 749
2199 2895
2304 4950
4989 6008
791 6612
712 4791
870 6039
2089 8864
1013 7498
2256 6787
1765 2628
485 7685
4041 3697
2101 9190
281 1012
3728 4751
4179 4787
4712 2092
4779 1725
4920 1412
4777 9439
2422 2667
2974 7432
22 9383
4501 8581
985 3969
4353 2082
3538 4173
1167 2562
4167 9918
592 386
75 6018
3515 7252
2122 4539
4833 7020
3992 6443
875 6690
592 3962
27 3891
2715 2888
438 1990
286 5307
4745 3811
43 9716
2711 6602
4225 5703
4992 6257
3929 7171
1174 9173
1610 6824
1753 6649
6 7559
1895 9897
2610 9864
1584 1136
1887 554
3058 1276
3788 4180
1397 7773
4636 8575
226 256
2851 7672
588 9951
563 5120
1092 3136
4004 4982
3039 6573
1905 7861
1771 9699
1838 909
273 8777
4479 4709
1710 8342
26 7241
685 6401
1821 8869
1521 3252
3308 1880
3733 5136
1253 3610
170 1691
2716 6565
3584 3826
2455 5819
481 4371
3982 6299
2017 2659
812 5381
1166 9886
2683 623
4667 6859
3754 6397
811 7454
2099 3268
4668 3350
4383 3755
4377 1895
325 8502
546 4132
3330 9236
880 7825
2341 6546
3752 5209
3542 868
2125 3346
1625 2605
4010 2894
2396 9775
852 9747
3405 3518
2270 6588
3361 3035
210 5789
1996 4058
4406 7127
4316 9702
1483 775
2784 6909
1810 2367
3316 1825
2452 1899
3227 5548
687 1104
1494 6714
3261 6162
736 3418
1095 3268
1443 9359
1233 2682
1290 1426
1608 5160
4601 9830
1867 2284
3578 3272
4541 8873
4134 3505
1781 9265
2349 3503
3374 7550
881 4376
1523 7064
1985 2352
3892 8187
3182 530
4579 1873
2669 4862
4106 4211
4816 7705
1303 3556
3663 9892
2212 7261
4850 9587
2813 3889
1972 5977
970 2205
259 1943
4260 9720
4885 1082
823 5690
4729 2155
2934 2904
4352 7276
95 3492
4215 9137
4143 1541
128 1935
4360 6946
3634 9830
290 484
2788 4590
4364 3000
2396 3982
3343 9007
2225 4645
2793 1059
3257 9797
4548 8820
3228 4556
2970 6930
3007 6020
3464 388
1509 8995
4295 6806
1856 6969
3160 4629
3353 6523
2917 2161
1303 7470
4445 2362
1549 5323
4143 2017
1641 5253
4800 4494
1650 9271
469 662
2796 941
4929 1524
2378 7676
4925 8665
3381 4382
4325 8357
36 7427
320 7520
1684 9285
4108 1458
2937 603
854 3006
813 3135
3306 2232
169 4735
457 3745
4705 4561
2702 4647
4359 5316
3168 5210
1177 9954
1268 4969
4385 9602
4169 7284
900 5385
4672 9956
2399 4330
3007 8949
3950 4377
921 1464
4934 3541
3957 9236
3713 6989
3261 5850
4518 4940
4757 5635
3207 7831
2169 6772
4461 1423
4385 6488
90 1204
3685 1808
4832 8327
3913 1932
3243 3752
4824 4911
1866 5573
279 2581
593 2964
2635 9393
3894 3703
1422 8467
4690 1633
847 6290
2524 6224
3042 7728
2492 9125
2447 8318
2762 3325
3067 4579
514 4692
1984 4041
1374 6256
1258 8534
3511 4326
322 2768
2648 8208
4853 3528
908 7595
2666 8665
3065 2406
3746 3965
2972 3117
2120 7420
701 2798
1953 8186
4444 4274
3541 569
3699 8580
3616 1702
4624 971
634 7220
869 6007
4355 5469
335 174
3967 7119
386 5971
2760 6884
4958 6966
500 56
4248 6183
1967 7063
1238 6968
2202 2561
1682 668
1788 7523
1046 6989
4456 4198
4387 366
859 5788
656 8422
559 5893
858 7316
1275 4925
4054 4295
3029 834
4749 6477
708 3057
4740 1201
2204 6726
4537 3498
813 7535
3723 9906
2627 4099
1980 9325
2363 3223
862 8098
2826 4108
4497 9605
4377 4737
1659 6687
4028 2987
4575 5027
253 7740
4128 9524
2650 1957
3751 8368
3799 3678
2217 842
2533 8068
4845 3898
3270 6355
2289 7110
645 719
2487 2351
1386 380
4062 2670
1503 8116
3153 9160
1119 4359
4970 8577
3169 254
1153 1502
2360 6913
2188 4010
1877 1132
1449 5986
3971 9886
3746 8500
4344 8993
111 9763
1419 1489
2451 2170
3575 6283
3249 2390
2891 9547
1810 9564
4172 7268
949 5885
2590 2401
737 6306
2171 5860
1029 3777
3299 6089
4629 1178
2447 5787
79 8344
1170 5849
2761 5470
1540 8924
2805 8650
2463 2884
1625 613
2932 9258
1053 4990
1232 1684
4965 7290
3693 8816
949 6286
987 390
179 7143
949 2059
4405 1389
2148 4026
4317 3538
1503 9600
3524 2378
3447 9140
3810 5201
2058 9895
1180 6453
643 4161
4883 5690
2091 3837
2618 2053
4797 3983
13 9765
3448 1220
146 3511
766 8212
523 849
2935 5287
4107 4269
2416 2043
2949 1486
1852 4311
4925 6103
1460 8655
954 6851
932 3601
34 814
116 6708
2493 591
4689 7141
4387 7770
4265 4037
1028 9805
3268 9162
3395 4360
4428 5145
3893 1098
1577 6030
2338 9328
962 3987
4355 3557
4868 7930
391 3277
2967 4860
3766 4682
3137 534
1280 4990
498 2250
436 9689
3660 4943
2891 1897
103 9481
1657 2808
3999 9253
3503 9554
4627 1066
692 5290
2822 4283
613 8468
4824 9971
4358 3960
277 7799
4036 988
2797 6698
4153 1799
4607 4093
3937 7105
2933 6261
2049 3870
483 7716
3343 8273
472 1464
1010 9524
2683 2132
1672 4958
1072 7090
1326 1266
3331 4219
2235 4076
3629 1197
3994 7629
3733 3034
159 9877
230 6244
1543 8805
3938 4850
2128 650
2748 7945
526 4867
1545 5638
4356 1688
3779 9177
4043 6744
22 4999
1111 8058
4488 9476
4567 9338
126 3663
3463 5800
922 8514
1845 4296
2389 4783
625 2307
2303 9709
4338 3296
3576 8933
4865 1946
2606 4193
1878 5790
287 4098
1791 4017
1964 4821
178 1213
3386 4908
4048 7976
4339 243
3621 4886
4721 3033
4694 758
1445 4014
3038 1129
1656 4601
57 5989
2729 6138
3589 6553
2555 2009
3295 2891
2847 1605
4794 1702
2645 7642
4912 8139
1326 7758
1323 2963
2348 5635
940 5055
1916 564
281 8520
2442 2206
502 3987
1789 7341
542 2327
4538 2636
420 7753
1078 9261
1275 3038
4653 9059
1522 2046
1351 2093
3376 3453
250 2950
1160 277
1374 1275
899 8482
2439 8656
1097 8484
1968 5309
565 3948
2734 8402
274 6853
3164 7710
1855 6210
3211 1224
271 1406
620 3154
4680 1015
3600 1351
1283 2194
1483 6593
688 8783
2840 8109
4401 352
3507 5943
4560 8778
582 5320
3895 8375
1230 5450
685 1060
1508 5851
1142 2190
888 9536
4731 3515
3016 3714
3559 9220
3642 684
2673 8810
2211 1339
1861 1645
4000 6158
481 1852
3793 3903
1035 5872
4921 3310
3386 8501
4518 1568
2428 1317
3735 4016
4061 4210
1180 6052
588 6168
2770 2296
3036 494
976 7644
3599 7286
992 8913
3445 5270
1112 1499
4363 9852
1259 8165
1958 2160
1712 2063
596 2682
4200 1168
1465 5654
3820 8862
1848 3620
4620 4290
1447 9649
943 3518
2353 9794
1964 8426
366 6155
4974 1388
3072 4243
1175 5171
1497 1011
986 6871
1825 4509
4502 9036
1683 930
3026 2593
4467 3652
3071 7516
4132 10
3878 7868
1277 4628
4238 7250
2075 5271
4235 559
1520 4208
4296 440
966 2199
4436 5041
1557 198
4206 2637
208 7562
209 5996
360 818
2650 3460
372 3939
2395 259
1174 6667
4952 8720
2040 4735
1855 8292
1752 3281
2659 6065
582 8672
4007 8935
2658 3138
873 6929
1786 1147
537 849
1658 8100
1471 7167
2889 3224
3259 7229
2064 4283
1018 6169
3827 9160
2332 8908
719 5252
1985 3272
845 4566
4636 6372
1532 5541
1545 4622
389 5693
1307 2167
3215 1889
1071 5707
1026 354
3647 5905
2691 8190
3966 2374
368 4425
2662 8320
2798 3122
4069 1317
1603 6727
2981 5533
314 6596
1115 8029
1536 2819
459 7557
988 1268
2016 6601
2212 5209
2176 6418
1919 9947
3608 313
4098 4894
248 1660
2753 4547
3726 9128
4147 2020
4899 5333
3995 3358
4898 4473
4281 1193
1257 6507
2454 6066
1641 1368
483 6060
3337 2375
2720 4375
1458 1772
943 5733
2908 1590
1400 3247
4438 705
3760 7844
658 3283
1918 1737
3485 5671
309 854
1610 2204
3835 6085
4174 3878
4775 1113
3431 8893
2100 2855
3571 4917
2032 5988
2051 9293
3512 811
795 8119
2233 3061
3522 9855
3074 6290
3288 5146
3607 8385
2778 8201
205 3984
3485 4432
377 9896
1621 5399
4488 8691
3642 532
3111 3628
4607 1201
1631 6571
1661 3726
2569 234
1995 6566
3145 9200
909 2797
1741 7189
2280 3447
4455 9713
3976 2113
2420 6291
3537 3008
2298 3549
2397 3218
1759 6817
438 6836
3952 1502
2187 2770
3303 7632
2937 3634
4037 512
1391 1711
1704 1795
692 7744
3299 1088
1945 4427
1988 8694
369 4969
3392 184
292 3909
3982 9342
4222 3277
1748 179
4184 5572
3938 9077
1611 5666
151 8176
4157 1778
2700 131
2718 4766
2463 8716
1270 2968
2207 5277
2373 3212
2159 4378
446 7827
4787 2997
2474 155
3184 6169
2241 3728
1394 3856
2553 4263
4597 3459
2173 3740
2291 5832
1682 8946
1119 3919
856 8537
2870 4165
4486 8161
2026 675
2081 1705
3776 2188
1199 9209
1568 4721
3439 9333
1840 8757
4847 3842
2228 7311
971 6120
4295 1660
1861 1531
1449 8163
3340 2856
1357 6768
1666 356
2724 5210
3821 6159
640 7895
3632 247
789 8660
67 9474
122 4603
769 2839
3898 1453
991 4825
3585 9463
3100 4934
2396 7686
1083 7865
2962 6463
2793 2424
884 5256
1990 8318
2051 3819
4346 2211
1297 8054
2436 6407
2650 5793
8 6358
4511 415
3628 9327
3964 2611
123 9472
494 3989
2552 9760
1226 1624
3918 237
2934 2298
4948 4157
2364 6217
2443 9611
2507 283
1287 2365
3452 8853
3884 7579
4468 5418
1878 8421
4138 9843
2023 5732
3366 7896
3602 8148
732 2379
2223 6757
302 6854
4705 5764
3649 7194
35 1480
209 4862
4925 6399
34 2323
626 6096
2412 3205
2823 8188
3932 6161
3109 8234
1225 3600
2829 9361
664 4160
4828 9925
3413 3320
3813 9850
3227 6634
175 783
2237 1142
2821 1217
4876 1100
1884 5516
2225 769
3035 1109
2740 6431
1037 9105
1891 2608
4498 6846
3451 7807
1271 1075
597 628
2382 4197
1385 9039
2926 6635
1393 5159
748 1821
262 8024
4988 7057
3593 7325
4313 4776
294 2840
1760 2080
838 3799
2515 7697
3142 8020
2844 5612
1524 2852
2828 7286
4089 1207
4456 8465
2364 9324
4923 2595
1330 188
1981 7489
1540 746
1887 9715
2594 4990
3163 3812
502 2387
4196 7393
3649 9763
3854 5717
1192 5756
1260 8677
2208 5504
4397 8502
323 5270
2195 312
4978 9986
1830 208
1948 2367
3689 4171
2086 4506
3633 4162
1963 1256
2691 4473
2182 8822
2222 9431
4860 1023
1425 1619
2591 4372
2121 9849
3806 6132
1509 248
4875 3340
3647 6181
1125 7490
2731 7240
3528 427
1099 4016
1408 7265
4154 1970
1957 8070
1510 583
1956 3116
4501 1185
1079 3150
169 6366
143 2236
3419 668
639 3603
2181 2315
492 9181
4563 578
1148 4983
328 28
1354 6175
2685 356
1560 1611
957 1745
879 7111
1161 2837
4818 4153
1969 7666
1733 4663
1068 7055
1865 7076
1554 4807
3794 3446
3802 2144
3332 3177
3219 68
4723 9936
2682 2378
3910 1060
4986 6446
1951 9504
2420 5929
274 7318
3570 1383
1361 9881
3470 1335
3903 7566
1043 381
3760 6906
2577 67
832 3655
4136 3522
4189 1667
653 9385
3939 284
822 1981
4704 4010
1861 2337
1561 1292
4080 2329
2245 9463
1812 975
657 7241
3690 9068
2213 6895
184 9055
2418 8041
770 3632
1766 2937
312 1106
3246 8774
3916 3121
752 4856
648 4514
1693 5328
2605 6462
1827 1463
84 6723
2005 119
2741 1624
434 7397
4846 2084
3501 4538
3864 1362
3230 691
389 143
4155 6439
4536 8254
3420 5942
2751 4520
805 1570
3857 6615
4819 2053
1251 8169
2151 3188
4507 9183
4406 3850
2609 3226
4335 9010
1523 8723
1856 5125
1127 9308
4708 5544
4945 5549
3874 5872
214 4147
421 8212
1194 4342
2030 4707
4547 8833
1323 818
3795 6502
4026 4949
1774 8709
4916 5428
4739 3534
1608 7093
346 9818
806 7189
1870 4493
2904 665
3308 5287
2294 9845
3306 5983
203 8702
1101 3604
3486 9852
1946 4026
1991 9605
2536 8502
57 7970
