2000
810 2533
7506 9742
44 5598
5572 6832
3975 5622
2760 3117
6966 7343
3256 5876
6566 7456
2698 5463
672 6536
4294 8378
6966 7032
23 2443
2321 7945
6124 9138
4862 6591
706 4168
2449 8217
4877 8871
1545 2220
76 2156
6942 9183
3511 7588
2816 8470
3019 9550
3378 8405
32 1859
4499 7696
2493 3934
3593 4621
3251 8721
6093 7435
3543 6874
2625 4680
2005 5666
1597 5987
117 6246
5412 8104
1564 4385
2549 8875
2081 3894
1935 3266
2837 2967
1955 5908
6906 9863
4056 5763
4580 5545
7097 7870
3961 9036
205 9227
2127 9135
71 9300
4386 5814
2709 9629
157 8425
1118 9979
56 9810
2653 8367
6221 6354
4796 8928
3015 6584
3233 3321
421 5558
1732 4329
380 2726
666 5159
899 4633
3830 5522
1267 3814
7691 7809
2552 9865
248 8393
8013 9150
6506 7164
8033 9728
3139 6630
500 3053
1265 4874
2268 5967
1568 4355
7453 9640
5857 7431
1375 2123
476 3617
425 4543
2527 8847
2882 4603
4977 9130
6514 8858
7324 8947
4728 5819
3024 7295
2858 5400
1819 5135
2744 9517
5257 9325
4352 5266
619 1595
4010 9680
130 9675
5996 9460
3791 6818
4330 6079
1237 6944
7520 9007
2084 9074
3208 6622
2154 6567
4098 8448
2031 5655
2805 5941
6085 7373
2723 7589
6725 9266
2915 6349
2265 8938
1901 5122
37 8593
4036 8359
3364 9385
3150 6644
1344 3604
11 7888
3308 6395
2277 9665
2562 9081
6079 6671
4037 5561
8013 8756
5110 6321
198 7098
7148 7777
2925 8094
1379 1436
536 6424
429 2143
2625 6565
634 6505
926 4474
1622 2583
3628 6502
1034 3452
956 1165
436 8357
640 814
3737 7649
212 1944
4105 6777
3559 6724
4605 8095
1497 9068
3680 4871
970 4323
4204 9415
1178 1466
708 1430
934 5190
1021 7980
3925 6760
621 9377
4199 8014
1079 1911
267 9418
607 2912
415 3018
980 6168
335 676
4209 4242
1053 1216
7173 7801
1411 7330
955 1308
1143 7894
730 4044
281 8759
5276 9796
3234 8105
80 2705
2243 6488
2119 4176
1100 5172
3011 6563
2513 7558
343 720
531 8599
3097 9478
5398 6649
1186 3615
3072 8386
6797 9071
3497 4531
6382 8714
2393 9197
807 2301
1879 3995
434 9721
2803 5149
3431 5685
7110 9622
620 4133
1197 2914
529 8101
3829 5200
2371 4640
4079 9316
9266 9486
4408 8853
283 7729
585 8315
7710 9520
918 6656
5387 7964
7796 8122
153 4330
1536 8682
1122 4354
3922 8890
2988 8207
1972 3604
247 6835
4584 5938
1209 4510
2952 9145
4018 8434
4598 9151
590 8291
259 1470
4016 4242
990 4934
1728 8082
4962 7472
2666 3263
7228 9447
3829 5778
5418 7114
317 7371
1878 2877
973 7354
460 7284
7351 8315
1681 9703
1210 3325
5476 9150
285 7654
8295 9416
2291 4064
6813 9158
6753 9748
6363 9155
3896 5962
6784 7636
8853 9313
867 4382
1297 4960
820 2154
7470 8586
8559 9684
6004 7052
3260 4543
5060 7069
428 6293
44 491
1017 5588
788 1551
2987 8441
3774 8021
2635 5922
6918 7001
3378 5778
2118 8516
2886 5027
6286 6785
8797 9940
1431 4264
8260 8899
5701 8370
5119 7411
1515 1890
370 7430
8007 8205
4006 9256
1576 4249
4578 9679
1516 2203
2521 6958
129 156
4466 8640
3860 7915
4261 5958
851 6438
2412 3360
2303 7995
4412 9538
7996 8227
7976 8233
3412 8477
267 3224
2302 3777
3211 9598
1448 3231
1823 4795
4213 7065
795 871
417 5814
6695 8425
5670 8493
698 6347
2945 4609
4396 8417
3109 8836
255 6111
174 9907
3715 7447
1142 3003
1497 6390
2952 8594
509 8173
1417 8060
3592 5175
5583 9243
2825 6753
1305 9837
8810 9431
2183 9807
4029 5066
494 9652
3565 6157
6531 8439
4288 7428
847 9627
355 662
5919 6271
6253 6739
5317 7403
5609 7956
183 1967
6449 7899
4512 9023
1946 4525
7868 9806
920 8098
1244 1927
4225 9296
2732 4061
4379 5631
2459 6574
5882 7670
5367 9504
2710 3350
226 3226
1051 9755
8113 8939
5887 9532
3652 4734
8001 8557
3746 9807
1339 2002
411 456
7768 9034
3825 4978
2188 5393
2512 5750
4484 8480
4520 7677
5984 7322
2254 3372
1478 7328
4722 8417
5305 9805
1427 2994
958 8443
2111 9605
2737 8012
5630 9461
6935 8895
1263 7927
1639 8309
6423 8571
136 1850
138 3623
5763 9130
312 3436
2078 6803
5640 7440
4576 7940
132 2230
1045 5412
2072 8859
1579 7680
2668 9848
4070 8070
818 7179
3948 7467
3271 6543
247 6804
1389 2290
7154 8460
2017 2944
423 6584
2622 2833
7030 7565
4930 5056
3431 4045
1579 7765
1295 2582
7397 8720
3834 7946
367 3718
2271 4097
441 4423
1097 3413
1595 4900
1677 8059
5250 6583
852 1672
2687 5554
5734 6931
3189 7228
2175 6174
7522 8088
1045 2774
1277 7555
8711 8973
2654 5578
1392 9137
8340 9426
654 9717
5955 9706
645 4508
3049 9497
154 6185
4712 8159
3250 4816
2538 8501
665 8641
6201 8254
1400 6109
584 3353
3945 8177
3197 5562
1273 9960
843 1156
5113 6185
167 8059
4792 7958
245 2686
2675 3604
6202 6865
4086 6426
904 9273
2578 5299
2614 8943
8551 8997
1007 6361
5794 9453
5392 7378
3585 8479
1155 7320
1864 7119
2215 4834
3332 3940
244 4822
4777 9618
3628 9174
3 2284
4926 6798
130 431
3489 5467
821 6257
210 9682
1540 3165
4582 8036
5307 7028
558 733
3846 7014
172 8288
9648 9689
3872 3939
7781 8544
6506 7744
4325 8804
344 3074
2501 5566
4240 6367
1367 9041
136 8175
5168 6247
1095 5664
4206 4757
9136 9581
1583 9372
4707 6232
6152 9599
86 3493
4076 9523
5490 5995
5338 7437
4499 9623
5490 7800
1752 5210
5263 7293
3608 4583
2768 6003
2499 3639
2054 5504
4517 6152
6497 8095
1189 7096
1054 1851
5291 8973
3087 5996
7424 9937
2050 2292
1685 9355
4035 9861
105 1282
6016 7263
1944 7138
5096 5209
2361 3092
4712 4902
9203 9768
557 6940
8740 9599
4971 6032
4254 7622
5182 6372
8054 8394
5847 9114
3999 5091
1652 4884
3923 5237
22 124
7467 9868
184 711
2134 4756
690 3900
2272 5783
3715 4473
3454 9818
2473 5767
5115 8567
360 2033
632 8626
2463 8066
8906 9854
2494 4154
4736 4923
2609 7292
107 6364
1303 6348
4774 6174
2521 4019
7606 8450
1584 3761
581 9389
4688 6902
5378 9654
766 4969
2790 7744
1013 2984
6538 7464
5360 9699
3738 9943
5987 7402
573 6403
1180 2638
4381 4499
720 1853
5834 8168
2442 7249
4169 7478
2011 2294
7217 7595
3997 9402
249 3156
8290 9849
6659 8406
638 9856
3606 4891
1673 7012
335 2719
1899 6409
906 9329
1089 1142
8405 9382
3364 8376
3011 4892
5389 7465
1500 4340
2936 7453
870 8014
631 4650
1205 5764
797 4759
4098 7555
582 9986
2406 9989
293 7468
5290 6237
1094 6863
3323 9896
5534 8095
5671 7710
2206 9013
4301 9717
3418 6490
2010 3863
1390 9126
6422 8378
3122 7902
631 4578
4115 4745
89 6475
1277 2258
531 6938
1556 4282
3816 6414
240 3594
44 1175
860 9062
1879 5968
2949 4220
1502 7907
6700 8827
424 3841
2404 6176
6025 6844
358 9660
4632 4899
2800 6789
4589 7166
4851 6148
4367 9903
2035 9712
7641 9995
1820 7413
6136 8576
755 2855
2919 4300
5496 6415
590 9468
4649 4721
815 3622
1714 6379
2135 8602
2474 7143
986 7998
5437 8533
2070 4548
3269 9100
2645 4394
3473 9914
2199 9306
1248 7035
1812 7516
2947 8184
6256 7291
6879 9247
798 2737
4154 5888
7792 9452
964 7157
5807 8359
396 1079
2591 5330
96 6220
1456 6636
4938 8054
5114 7040
1269 2214
3426 5173
1529 3825
2099 7521
2905 7562
2 8340
3886 4021
4172 4485
1975 7751
1952 4408
7734 8313
1235 3350
6389 6979
4898 8938
5866 9208
4753 6304
6067 9581
3628 7745
5979 9600
4920 9314
2031 6728
4548 7213
139 979
1461 6672
5833 7729
2718 5084
7813 8633
1195 8655
3656 5530
3435 8333
440 2937
1928 3666
4641 8181
1663 9488
15 1813
2597 6755
8321 8676
7454 9952
5793 8180
1628 6975
2484 2557
1355 8859
3167 4020
5345 7698
1052 5691
5492 7425
2035 3881
5170 7771
8909 9992
2646 4335
4545 8243
3823 8518
566 3070
104 2007
2559 4008
2362 4507
316 1951
5983 9081
2387 6283
1295 6366
1954 7181
1957 8121
219 7667
703 714
7041 7961
565 3313
1062 7609
950 4851
4779 9429
565 3935
1052 4299
7573 7723
3676 7059
7176 8486
2287 8741
112 4231
4985 6527
8877 9063
3483 6832
4475 9930
4909 6326
7513 9561
7614 9766
7313 9832
4537 8013
1403 9773
6050 8178
671 4819
1670 4873
1 6527
3274 9036
2529 8910
5712 5867
4128 9159
2360 3812
5480 8839
1854 8969
5073 5308
5371 5419
2626 6953
8506 9193
5432 8914
7109 8162
863 2441
1763 7232
5629 7557
346 8098
8033 8521
6400 6705
170 1990
3302 5977
7058 9855
83 8245
1386 8598
1047 9365
1628 7472
3791 7769
1622 5451
164 4623
3535 6048
6739 9055
364 3554
1911 8286
69 6244
6474 9556
161 9771
1526 4249
6356 8633
4281 7091
1346 8341
1704 7554
4525 5886
64 5737
8409 9969
155 725
7091 8656
743 9457
3132 3690
8846 9094
3868 8572
1431 6473
2681 8870
9204 9771
6962 7104
4019 8340
562 5233
2132 4790
381 1907
1475 1987
2662 3749
5024 7751
1071 6503
836 6638
1357 8141
3857 4148
2127 7150
2511 5862
5049 7198
8129 8954
2740 9261
4409 7244
2445 4604
439 9391
6271 8422
6544 6699
5024 7554
2980 5283
4851 6952
1062 9667
1156 9341
1883 3039
5333 9200
7183 7624
5402 8228
2080 4332
1812 3454
3100 3515
5796 7077
1271 4146
439 4091
516 9509
323 5244
3634 4791
5476 9815
3648 3920
622 5048
4064 6907
2702 4996
1528 8728
1855 5085
7537 7690
1527 1565
575 3820
2562 7375
171 9185
1940 7501
1898 8187
6062 8607
1094 8442
2673 4513
7195 9356
8795 9706
126 1687
1149 7264
1463 3015
1307 8213
2195 3387
2131 8417
7276 8011
5621 8040
8569 9048
836 2244
5836 8976
2753 4199
7076 7449
7654 9752
6590 8795
6659 7834
2970 8243
2513 8344
1808 5306
2019 2325
3254 7928
2172 3126
2168 6428
2026 3780
817 7217
378 7083
4981 8677
1382 9211
767 3842
980 7092
1508 1816
5162 7830
202 7689
3024 3244
2421 8393
1198 5859
5182 8116
387 5031
2874 5258
4392 5775
3298 9979
2980 4594
1545 2300
4986 9752
5525 7439
4985 5399
623 5005
2585 6283
1482 6653
958 5437
878 8659
3394 5993
2323 7738
305 7974
3236 8971
5161 9543
1421 9675
266 3269
870 5428
3424 6949
380 1123
4356 4954
1379 1671
1634 8976
1477 2667
2629 4543
3175 8675
3899 7222
438 5777
5534 9944
6825 9094
9191 9503
1045 9221
1239 7798
3327 9557
669 5173
4990 5520
8036 9882
7836 9989
5254 7321
4990 9427
6298 7598
4783 8117
4024 7346
1946 3843
8759 9598
447 2004
1167 7552
48 7107
495 5964
816 6315
1668 6916
4226 8964
1118 7577
5027 8009
101 2269
4076 7529
905 2833
4773 8143
3391 7365
388 8508
1950 6313
5969 7066
2034 2520
961 8750
5619 8204
2777 5413
6649 6721
1874 3673
1434 9611
3876 7966
1488 8178
1001 5760
2273 9511
7536 9651
4297 6144
1091 8265
6876 9002
6793 7239
6869 8265
6628 9875
1624 3276
560 5496
637 4953
1101 3048
2581 8229
4203 5828
985 1137
1600 3961
7573 8427
1599 3365
7120 8797
961 4522
518 9673
3565 6233
2365 5313
2875 3661
8146 9675
1376 6757
8533 8815
594 6725
2112 3087
4461 7146
153 6458
596 1329
1351 3611
8974 9011
274 7790
140 7275
7173 9055
715 1250
2363 3858
3738 7605
815 2021
2328 6955
3333 4583
689 3159
3404 3955
110 1646
7837 9449
879 3402
2669 2978
7959 8314
521 3112
56 7834
856 8728
3641 8836
3479 9340
1502 1676
4204 8009
878 5535
815 913
3057 9541
8162 9360
2455 8947
355 7374
1798 3576
148 7780
241 9751
7755 9545
340 7331
2720 3625
1216 5401
2235 5284
2820 6651
3545 5973
7092 8501
3241 4471
3911 5625
948 8776
3108 9449
2641 9005
2741 4881
6035 9762
4861 9096
4854 6529
795 6315
1702 3035
3498 5646
3610 7688
8998 9463
841 7893
4836 4854
1365 3626
922 8364
2265 2925
7274 7629
5152 9924
4576 9168
689 9925
9065 9800
1535 9324
1570 8384
1069 7737
2328 6974
516 7395
3459 9264
3863 9977
1911 2835
2070 9439
1350 7588
1079 7361
5352 7584
3733 9271
2939 3673
2657 8915
4307 6458
5042 5862
381 9877
7716 9080
5131 5867
394 2702
3921 4591
4477 6075
2544 9409
6257 9782
4352 4610
1572 3335
6590 9105
2144 7977
999 8530
666 6194
7597 7764
175 5298
4935 9919
3019 10000
7471 7532
5437 7526
1199 6542
65 8625
1159 6178
2597 4751
1304 7342
1805 9183
5809 8346
7439 8131
3563 7613
26 4360
2120 6533
2301 5134
8632 8795
589 4918
1079 4676
5473 8217
2235 6554
6762 7771
91 3355
2695 5047
9448 9790
2969 5546
900 5567
4221 6669
1114 5225
5715 7583
342 7089
5008 5786
2207 8286
7903 8080
454 4450
799 5134
6412 6814
861 1441
2615 5424
1748 2167
3455 3487
1435 8749
1570 3195
2037 6079
5521 5746
192 4481
2566 6877
3965 8843
1191 4176
4714 8189
435 913
8892 9442
2175 2285
2153 6305
4893 9435
27 3481
4472 9624
501 3523
6776 6848
4814 5680
679 4193
1581 4007
1622 2500
910 9141
3482 7173
4011 8911
5393 5561
1763 2440
5969 7051
484 9725
67 227
5735 8411
5255 5318
4482 7157
7722 9875
2682 7476
76 8401
768 2850
659 1738
1570 9132
5597 8347
5854 9253
447 2820
3458 6405
4723 8327
4267 6153
2275 8561
2639 4228
7572 8664
863 5071
5137 9457
1237 2623
255 3051
2960 8796
5391 7642
3165 7431
2562 8585
6469 6624
2003 9860
1923 8901
75 8759
1646 9334
2824 8222
1986 9800
1248 6417
4353 6560
4439 8746
298 6588
5890 9337
6185 9264
37 556
3487 9933
4085 7418
939 5111
5266 6153
1871 5931
7652 8661
2676 4554
4887 6646
6788 6861
170 4119
4371 6612
6002 6238
4551 9065
6014 9336
856 3491
6384 8539
2013 5153
5593 8176
7719 8013
1302 2856
3149 3276
416 7540
5131 9901
3384 7802
5026 8826
1797 2129
4751 7413
456 486
809 9607
1938 6279
7169 7448
6534 7302
8874 9890
1927 6261
301 7912
1255 3019
6122 8493
1894 9959
2936 7358
4956 8771
7866 9468
9726 9880
7855 8073
1815 5694
8154 9676
1811 2110
1108 4150
1084 4306
5376 5524
1781 7532
237 4016
4779 6861
3537 6860
1253 6128
1903 3581
5617 6288
2201 3798
1149 3136
5796 6049
2273 4622
7643 8302
1441 3736
5575 7721
321 2473
1540 2439
3082 5668
1952 5224
1457 9568
4351 8682
1718 8615
669 4348
735 2281
5829 7682
7381 8004
5293 5781
8115 9286
5784 6505
6577 8459
881 8409
793 5402
4941 9040
1794 7893
496 1458
2504 4684
3692 7100
912 5517
3764 5031
4791 6993
461 4943
5125 5233
6796 7277
278 4018
5480 8182
1947 7915
4138 7561
3485 9044
1145 9816
7629 8111
1162 9797
6294 7142
492 5081
6871 9837
5519 9187
7325 7908
8022 9208
4905 5225
2933 7055
511 6778
1170 8978
4148 9145
702 1466
7594 8700
1024 3153
2753 3247
6526 9298
2555 6930
39 3252
3016 4217
9653 9767
5543 7461
2175 3145
7285 8046
3186 4382
796 9084
3435 3760
6604 9890
216 4896
3933 4554
6566 9949
7117 9759
6873 7254
598 1801
2398 9053
2609 6699
2695 3588
8780 9989
1848 2561
7402 7969
4336 4861
551 9053
303 1397
989 7773
1977 6365
2734 7544
881 5767
1718 3876
5406 8981
4346 8716
779 9538
113 8061
3468 8500
5142 5191
998 4016
1173 3792
4581 9633
701 5182
173 2843
7089 7167
926 3691
2408 3513
1350 8574
2991 7482
5696 9446
3151 4582
4205 5927
2658 4899
5936 8913
2289 9019
1448 6272
1742 2002
8151 9001
3170 5066
511 5712
3469 7823
3092 9471
1447 2018
5822 7378
96 8205
1798 5475
4065 4344
6686 7569
489 6604
166 9675
657 876
301 5844
6184 7316
5000 5198
5221 7735
559 7755
8965 9287
271 4141
337 5082
3956 7186
1519 7780
7284 9572
6555 8973
1310 6360
1203 6451
3338 4079
435 4416
1221 3323
7295 8444
1555 4176
2997 9213
4868 6641
3268 8203
4219 6518
1961 3219
7312 8591
36 8334
676 1404
2361 4960
4187 5919
2407 5561
973 7890
888 4919
3573 8440
3656 9105
6880 9424
2593 5466
4281 6590
1005 2761
837 3642
2360 8740
3123 9806
4955 6963
6552 7438
1597 9344
4913 9243
6446 9731
2081 6235
4557 4614
1371 9408
1243 9822
1609 6496
5571 8281
1372 6656
1492 2210
2642 7035
268 8586
525 995
824 3557
2501 6380
2095 8154
7139 8080
1202 7806
5058 8122
5907 8466
6178 6960
7436 8136
3578 6388
3932 5585
3059 4189
2529 6543
6549 9201
6017 7502
3990 5600
194 1038
2199 8855
2041 9500
4500 6040
1920 6838
1062 5758
4391 7456
6840 6887
2651 5394
2196 6469
188 7768
2064 5066
3566 5793
5170 8388
3457 9663
5713 8624
4656 9519
1915 2699
1257 5847
1111 3566
3945 4467
5537 8245
180 7328
609 4113
7576 9523
1176 4578
2744 4665
6737 8015
696 7337
5781 7347
5906 7804
7241 9006
3884 5846
7147 8913
4450 4962
7200 8598
1095 5853
3742 8100
593 9331
4165 9518
2602 6862
823 5767
6617 6866
7346 7987
4488 5359
763 3046
3098 6115
6486 6923
8504 9725
5195 7718
949 5577
5722 7673
4277 9693
1621 7551
1217 7430
125 2826
3257 3571
4777 9417
2296 8780
1542 3025
3401 6904
4864 7437
1748 4094
1105 8839
3047 8977
7562 7769
456 6085
440 4898
5803 8166
706 8288
2967 5736
3267 5701
8454 8632
4353 9157
1423 7663
350 7859
5545 7499
7520 9797
7618 7768
5936 8472
5763 6946
2558 7918
1677 6424
3504 4511
515 9202
3899 5777
1150 2403
5702 8853
1726 8769
4046 8711
3770 8403
2751 4156
247 8577
1073 8357
8099 8686
1417 2310
6238 9613
3230 8682
1510 2831
899 7876
5080 7776
1896 3562
7933 9462
8333 9887
444 8046
5347 6743
7763 8467
1832 2571
421 1175
2674 3959
187 7425
761 1763
9216 9532
2604 7103
3526 8236
6268 9508
1180 5137
2700 7593
6311 9668
1118 9073
2502 5082
1658 5944
5283 7999
1553 7157
449 8814
6382 6422
4889 8319
2046 7664
818 1028
7986 9492
2276 4594
7678 9119
1994 7984
1478 1565
2217 3126
3296 6815
4445 5043
358 9403
1379 8964
647 5267
6650 9096
1479 7352
5905 8300
1558 3236
36 3353
1960 6471
2586 4533
1705 7319
2098 3449
2884 6288
1552 7168
4160 6191
1961 6587
3482 5765
1467 8623
699 9327
2031 4025
5725 6903
1198 3896
805 5751
3893 4968
2780 4233
3422 7444
2913 9175
2761 8149
4649 8392
3390 4312
964 9916
251 9851
6394 9278
1960 3565
3141 3281
5660 8825
828 4570
4401 9853
1578 7221
118 6933
815 4600
1561 7711
2361 5476
1371 9676
2313 6734
5984 9061
3741 5793
6475 8764
2590 8185
5642 7805
581 2411
236 7985
1607 8409
2391 3870
2365 8886
1009 4676
1414 2149
265 8908
2472 9993
2689 3059
5187 8493
6106 8050
2305 9131
6895 9335
2951 6679
8189 9533
4857 9183
3881 4083
292 4292
1816 6248
1140 8764
1795 9293
5343 7377
3895 6145
2481 3816
4258 5906
2230 8196
237 3189
41 8670
3703 9013
6709 6879
2915 9057
2728 3194
3405 6842
3568 5394
5509 9394
6811 8034
811 3442
1951 6506
5697 6471
2357 6550
5606 7003
3059 8439
978 4679
7858 9667
191 5986
4137 7998
2954 5827
1539 5585
5758 7845
6186 8996
1370 5426
4364 7812
3630 6364
2953 8933
1192 1280
4360 4933
2136 8541
6819 7833
1047 8996
1674 4267
6328 8606
2249 7536
4189 6118
9797 9905
431 9170
5413 7449
2529 5560
2213 2976
526 4250
2613 3983
6072 8265
2767 4520
1505 4700
2537 7485
4353 8536
2133 3701
39 4123
4350 4730
500 2311
1445 3124
6353 8046
7379 9158
7548 7603
5296 9733
5342 6415
1333 7376
4690 8147
784 8179
7729 9336
121 3576
2433 8455
3473 4249
425 897
756 9764
8246 9297
5415 8807
1023 1701
1819 3856
1623 1994
6447 8653
2012 9500
1739 7244
3915 7008
3504 6360
4920 9385
1668 5742
3355 6286
8600 9668
2554 6439
103 4354
4501 7019
2239 7809
2446 9989
1079 6416
5186 9560
8026 9630
7078 9315
3637 6799
5797 8786
2160 8177
1703 7921
5453 7489
4693 6964
381 3887
1696 6970
6068 8407
1638 5065
1512 2118
4032 4654
152 1100
1073 3279
883 5332
5340 7455
735 2201
1810 4027
1487 1959
1525 4027
8162 8530
1327 7641
1511 9710
3435 8093
1225 7655
7752 9340
4133 5201
2551 3350
4366 8922
3617 6994
4804 5415
637 1521
2468 9553
3561 6570
2027 8129
397 2340
416 7721
1020 8422
135 5203
2578 4578
1504 7696
4917 6825
7304 9650
1931 6702
1650 3690
748 4893
441 7088
8763 9593
2696 3530
1158 2554
1859 8511
125 7503
8577 8620
5185 7845
2591 8114
5034 7296
7363 7538
381 5137
4106 7010
1296 9002
500 1565
1050 1722
1054 3979
3950 9772
6784 7872
6014 8179
7478 9349
8036 9367
8601 9450
473 5328
250 2505
3853 7649
8279 8784
2526 4051
1426 3318
2107 2664
3575 6474
2047 9811
437 572
3865 5896
4151 6292
4184 4510
3008 8458
5195 7411
3904 7352
1502 6305
5772 6765
2679 8515
91 3459
3195 6753
2816 7715
5933 9705
5490 8184
2297 8382
1385 8362
194 8872
2650 4676
6867 8021
6126 7932
5674 7857
619 1052
8664 9920
1494 4322
6247 9591
5180 7725
275 3918
4142 5951
1315 2270
676 9642
1668 5943
7574 8346
7027 9879
5121 5578
1172 1917
4009 8147
3908 4426
4907 7312
2962 5901
4245 7004
3457 5653
9738 9976
1473 6150
2216 4345
2084 8373
125 160
1403 1818
3995 5011
9548 9859
8498 9714
4108 6439
2098 6933
1468 3230
5877 8127
1383 6997
1348 8057
1936 5944
1767 5436
134 3483
4015 7844
4478 9760
1775 5874
5728 6269
7419 8191
2154 9012
3921 8342
2248 3459
5195 9713
1450 4490
4386 8806
4428 5466
6964 7190
4679 9899
7058 7956
3099 5766
8958 9449
1665 4187
4053 7153
87 8937
6119 9504
538 3684
5502 9935
2098 6819
3030 6153
3104 6745
3502 8950
3886 6648
1654 6602
1422 3660
2112 6363
2412 7775
6697 7264
539 8928
2071 8886
5677 6181
1355 5197
2323 3130
9373 9646
3960 6455
988 3253
3357 6752
7080 8767
958 7862
5673 8458
372 7419
3334 6328
4126 7975
4484 5471
2210 6645
1953 6538
4616 5273
302445 553622
229478 881820
10834 906977
565635 789814
240573 751750
412654 438480
524707 605246
744591 974123
75437 395304
79380 691296
364343 540683
762151 954573
589516 980183
108870 615140
223588 352890
639813 806336
424745 784396
50323 872635
92880 101392
223532 242358
