106158098
331974324
983752367
1276813978
733685122
5718828
730223394
895482602
520931915
736819349
361689890
408519288
962397670
1435660496
1841344449
1783000193
1551428670
1375540429
912944310
1807301946
426754389
770128240
860576640
977267361
715919027
353616538
88026357
856673771
1786462033
562711281
1687789063
1754301907
1098022028
1754875292
1809121842
921607255
912921411
2885697
320197182
304123639
1041302461
1197646602
802679331
1527444685
863884061
637152458
1773901763
1426888490
1932587735
92447767
546304667
320973284
1076944025
1799062255
639115178
1162673489
202396478
290869909
1312572038
9857778
282520008
909803907
1203513514
460142425
1474384906
1393716846
994547055
1110172691
369086962
1578191327
1819099066
395679262
1251610269
442680395
1951896574
1101552702
1337501041
243603865
1792392487
4066905
589691183
1008640192
515559806
326637304
605625182
470843193
426086558
1143033952
974405472
798592771
900942868
464323574
1786218925
1537333075
343975505
613362470
742606829
262746940
209271540
784706829
818647244
1639199788
15277421
709359687
1644988924
1062123590
574644906
204967067
333981006
1578806694
1163151726
272700683
510307403
1361478623
1557412824
428025425
253511113
1570844417
371778946
388850778
774281801
256132826
1729269521
905159232
1292723659
1382260149
755237730
531553600
726730688
1912698089
600209722
930200261
1421757505
1861082179
1031425528
1662126664
1184251641
519170970
1209281380
26828074
278757627
1197240878
1669037333
1218890298
9180940
574856367
761989380
1262042961
355015048
1537681062
1104218827
1419455302
1457655598
20558748
146449709
1307962366
1365294902
7312524
1774157822
1285783473
1535442628
1096645900
347682725
1901489517
1402168610
815306945
832812912
1912844992
628597081
1752625246
1170134317
862915068
1730559055
395102833
1387422264
435190041
1587347574
423648145
1566519663
55107344
1393800395
728402959
1442807662
1706249633
226917078
567390895
49775397
357294783
676153255
87243791
607255088
117746408
723684228
501966290
499874932
166031357
1809016098
1008046450
1023522090
334396223
1292920712
32375967
1100069432
1424207071
1199256150
1050262754
1959845418
1790546607
852716614
1942128654
938961339
1323155233
1274954759
1052867394
411349130
868986180
1819586697
65499081
400138204
1848076956
638813836
165705890
297168346
782013753
570694043
205413000
1680677027
1333963383
1263493570
976843516
973964670
1582006850
1474236285
767583700
1429806124
1700062890
278155967
1698987608
1964900692
180119089
473987594
1544772160
1328567368
62306540
595341051
55701707
1525279482
1881950899
1159547119
331122829
0
