10000

55

163

474

613

354

7

353

431

253

356

177

199

463

689

883

855

744

660

440

866

208

372

415

470

346

173

46

413

856

273

809

841

528

841

867

444

440

6

157

150

992

501

576

387

733

416

308

850

685

926

49

265

158

518

862

980

309

559

101

143

630

9

139

438

578

224

708

669

966

479

534

180

757

872

193

601

216

935

530

642

121

859

6

286

485

250

160

293

229

208

550

469

385

434

226

856

738

169

960

297

359

130

104

379

395

786

985

12

343

789

511

279

102

164

757

559

135

248

654

747

209

125

754

182

190

374

127

829

436

967

621

664

365

258

351

917

291

448

682

892

496

797

569

252

581

975

17

137

575

800

586

9

960

279

368

606

174

738

531

681

700

14

74

628

656

8

850

618

737

527

170

911

673

393

402

917

304

840

562

416

830

193

666

212

761

207

751

31

669

987

352

692

818

113

275

28

175

327

46

294

61

972

987

350

244

243

84

867

961

485

493

164

621

20

529

684

576

505

939

858

411

931

452

635

612

507

201

419

872

36

984

195

886

964

309

84

146

377

277

102

806

641

607

470

469

759

707

371

686

815

137

815

941

90

231

741

638

34

288

31

732

902

557

162

292

185

316

575

558

412

863

975

799

639

564

462

368

300

193

460

878

183

342

118

803

325

599

971

865

818

176

905

866

726

670

761

333

937

587

334

276

104

841

43

609

255

672

851

823

13

609

596

379

878

785

241

744

431

275

652

384

937

438

82

474

567

762

135

572

418

205

139

415

843

261

824

532

358

131

376

180

465

692

385

479

964

825

756

979

746

175

913

970

584

813

864

425

684

401

187

563

146

325

123

804

7

870

670

542

527

960

944

257

712

591

215

420

201

88

230

729

497

5

842

908

404

211

884

609

882

661

814

147

732

844

962

905

572

165

790

421

384

257

352

505

552

400

324

448

17

491

769

451

510

677

187

94

91

38

406

31

815

907

704

138

415

169

44

411

62

640

910

697

284

734

106

166

820

411

231

220

69

64

851

77

32

527

44

676

55

483

238

126

18

696

261

428

227

425

686

940

809

292

510

813

640

571

870

98

827

309

234

65

997

947

275

593

267

794

633

96

792

861

78

94

49

63

893

329

764

652

503

651

68

869

427

250

591

43

718

267

505

124

72

830

21

593

186

42

30

985

193

635

390

66

25

47

268

270

70

80

715

453

492

463

744

93

64

945

86

76

498

257

50

552

22

334

993

617

511

651

207

9

174

995

797

410

951

145

821

826

137

265

328

670

73

193

415

477

692

162

49

26

38

542

774

597

956

198

420

937

887

342

230

718

79

529

196

429

571

223

670

288

651

862

403

549

935

803

579

154

922

55

148

831

122

955

862

254

808

863

902

32

825

612

180

835

326

360

219

449

606

263

985

43

187

79

511

38

244

329

294

680

153

259

587

584

597

280

558

22

906

488

749

988

689

524

41

486

599

958

933

934

420

62

502

744

631

818

341

492

512

952

275

808

14

100

547

691

75

277

250

560

918

644

191

517

128

230

432

20

291

981

911

935

376

286

934

80

576

821

886

189

532

876

256

770

576

717

866

292

41

523

21

986

96

867

255

270

736

911

66

920

313

112

795

510

315

471

171

208

595

456

635

244

366

449

799

343

24

465

122

184

65

649

464

460

893

761

768

33

524

827

464

611

716

774

110

212

672

80

796

576

347

809

22

630

483

523

890

593

669

148

909

659

677

258

430

577

427

614

577

402

757

377

248

428

482

587

558

278

817

741

707

672

59

86

653

314

758

56

757

139

541

471

704

653

610

539

837

651

798

380

994

445

288

953

208

662

446

321

697

31

398

35

752

730

7

837

703

721

967

820

68

996

944

354

101

836

54

825

532

191

506

240

169

708

760

677

748

942

375

442

863

437

366

216

137

537

319

185

397

429

626

554

707

271

985

94

647

561

521

695

528

666

361

693

865

324

468

813

99

843

941

123

469

28

505

863

517

759

255

583

270

103

609

947

291

99

142

439

162

14

13

880

834

882

701

544

284

246

499

377

271

58

407

854

648

155

214

504

148

280

601

519

730

766

504

503

519

534

655

218

935

21

206

933

750

148

641

241

791

702

604

205

95

206

118

304

632

268

823

839

846

833

446

966

59

54

634

31

368

976

531

423

359

535

746

948

48

401

189

293

868

701

945

531

885

279

557

199

20

386

15

874

624

810

237

960

470

786

192

784

76

808

404

98

542

189

907

36

515

508

93

706

328

229

353

956

582

181

427

86

798

939

619

799

555

594

916

847

746

965

617

141

789

951

256

321

35

637

647

608

389

632

719

227

413

532

832

809

469

689

842

272

781

606

57

27

722

46

374

396

945

936

426

395

467

858

337

502

355

16

127

408

498

568

707

286

287

887

853

924

126

617

766

981

859

895

749

496

62

511

959

710

682

646

799

933

125

82

852

585

780

269

818

175

258

709

278

356

415

158

372

484

724

598

340

174

214

206

826

757

19

675

636

614

977

70

697

681

810

563

512

844

600

714

747

372

233

809

300

505

539

239

617

88

997

130

33

30

751

490

934

688

569

316

998

788

669

957

244

891

141

342

645

161

364

285

534

930

484

287

378

825

713

462

145

918

215

462

980

97

930

654

300

531

617

811

702

336

929

192

743

686

94

765

532

64

136

605

505

176

596

356

438

560

820

828

688

842

83

500

1000

107

524

540

700

406

120

13

669

703

231

13

365

575

219

24

430

936

820

134

357

469

980

836

501

290

144

13

659

343

70

558

134

807

484

103

646

620

171

683

674

259

630

509

56

760

954

759

835

453

818

632

251

782

471

823

818

413

209

20

994

430

745

91

737

148

452

659

533

131

683

188

738

416

31

168

182

477

444

313

320

257

928

219

490

103

808

885

85

166

467

549

786

866

930

501

244

976

237

760

27

261

146

281

874

32

218

699

691

73

311

104

109

508

416

803

333

58

971

109

172

686

352

363

895

714

438

794

204

456

140

961

390

475

953

893

780

510

770

70

178

84

477

565

549

790

642

632

170

848

353

872

91

965

976

675

576

526

594

612

782

45

637

377

611

784

861

45

880

286

195

598

14

391

904

881

514

299

783

978

208

305

727

536

163

889

545

46

788

978

520

392

92

386

214

41

516

730

251

352

204

84

825

660

915

627

57

77

951

391

324

15

508

304

502

679

20

172

657

172

230

434

392

260

406

61

736

813

584

893

706

850

679

336

166

563

168

567

539

742

865

662

67

402

367

859

595

808

827

911

800

817

466

341

534

229

633

77

462

121

449

307

872

143

251

685

213

20

723

952

306

303

606

717

680

578

231

147

5

429

950

312

13

31

346

719

223

396

56

610

18

202

101

291

715

507

336

444

39

50

669

443

874

245

902

15

650

687

522

1000

691

688

637

610

955

607

944

251

246

789

674

491

538

670

719

411

488

991

275

555

197

919

26

161

976

352

904

402

269

90

570

515

13

395

327

358

73

302

919

267

575

603

590

803

103

299

394

604

389

797

867

10

893

223

600

259

379

348

711

469

338

286

606

981

860

861

958

691

348

492

330

114

460

333

230

291

177

947

380

829

912

232

838

884

161

991

133

918

348

287

389

825

659

510

411

79

860

864

808

448

120

70

868

335

840

766

565

921

197

379

929

468

908

949

626

662

148

133

110

589

884

906

814

621

257

85

11

916

969

458

380

126

451

323

330

752

198

152

800

299

912

311

979

739

615

815

580

39

438

604

551

974

381

964

654

315

818

481

270

403

328

660

529

508

750

574

370

958

323

254

707

310

920

793

108

332

250

943

12

856

810

6

621

975

471

735

895

696

16

633

49

138

302

48

706

872

248

366

146

237

284

618

220

159

365

540

324

884

132

27

744

670

970

671

44

544

158

509

916

772

877

620

935

561

967

865

940

923

264

764

842

841

930

160

667

300

312

1000

168

460

402

822

776

11

86

806

726

847

401

914

303

390

878

256

757

162

533

480

103

817

240

591

41

828

691

297

436

830

608

341

52

315

488

179

68

191

897

642

884

413

471

339

660

611

626

785

238

379

671

730

858

467

405

40

783

169

78

286

278

49

120

369

515

708

816

808

157

458

472

818

265

130

721

148

666

456

956

479

592

880

254

653

202

746

747

913

20

523

620

530

692

421

815

631

870

620

44

702

310

230

443

109

174

25

973

123

405

61

588

73

76

530

776

591

215

932

528

193

945

997

709

896

812

310

471

341

984

985

98

276

188

917

470

957

505

59

295

801

44

837

80

365

54

302

261

477

629

41

629

1000

155

23

471

394

335

73

433

643

623

212

810

1000

915

350

510

926

486

359

817

568

710

884

934

142

273

612

410

218

130

246

687

575

91

528

997

406

803

200

855

498

803

773

291

44

1000

301

262

776

409

10

146

632

761

84

970

438

38

102

639

951

272

405

243

645

19

229

78

755

7

964

58

571

950

122

377

268

955

189

98

661

499

556

920

423

31

712

853

245

155

390

381

851

752

432

750

641

608

866

953

27

755

849

311

294

179

429

735

291

760

452

389

308

277

623

132

713

611

482

629

468

118

906

540

388

52

183

273

754

187

405

719

348

41

596

295

739

849

300

231

55

403

112

877

542

138

451

159

757

66

504

344

538

686

289

134

573

774

209

170

780

279

624

820

222

142

586

444

82

474

928

743

118

516

646

189

395

999

460

680

582

975

434

54

176

776

264

693

372

595

491

952

65

452

367

954

527

72

934

29

889

726

338

166

393

10

419

95

900

508

313

444

780

753

324

84

801

837

815

787

871

143

823

870

219

673

683

328

833

853

100

244

675

136

475

770

477

186

526

5

256

247

265

285

489

128

126

877

280

810

524

488

82

214

441

404

563

311

371

932

822

580

302

844

398

603

804

887

878

384

489

231

378

604

896

587

312

703

131

695

425

289

804

721

455

13

66

869

96

773

421

369

639

742

488

174

322

544

493

545

79

765

350

969

233

639

689

947

882

635

726

219

525

966

884

188

32

669

234

125

903

877

516

295

108

597

118

779

5

427

167

867

525

547

470

626

516

367

440

106

723

164

160

89

926

558

202

256

652

653

486

339

360

897

70

840

348

790

469

247

775

132

328

490

561

830

629

275

170

966

520

938

928

634

873

289

243

537

196

986

40

130

732

754

11

875

782

164

255

286

152

126

24

378

705

572

397

154

402

919

836

988

85

885

127

453

512

127

18

484

49

966

48

445

502

953

40

930

212

669

743

480

71

308

64

872

888

781

303

594

250

40

70

273

487

921

753

794

478

446

669

642

234

535

647

647

453

551

147

269

11

412

316

571

559

999

653

703

655

431

753

657

222

976

779

625

284

311

400

727

602

474

725

480

674

776

839

673

615

909

619

462

940

913

913

912

505

288

615

753

962

826

92

718

516

383

306

969

46

109

309

412

5

569

209

705

561

803

772

163

673

911

361

371

577

262

631

914

243

683

687

152

347

557

565

897

120

943

643

336

811

322

340

760

343

439

169

579

536

344

562

449

515

644

157

58

788

793

115

456

356

769

666

983

477

714

993

980

930

26

699

821

511

846

661

650

537

507

926

779

404

424

15

129

211

646

640

942

378

620

446

520

919

734

10

91

542

70

590

869

106

988

635

897

920

471

241

662

992

490

345

872

716

702

106

15

647

293

382

225

426

570

899

688

777

227

27

843

124

522

9

861

945

752

395

409

602

15

615

847

797

100

664

904

892

956

270

724

645

862

402

544

272

666

948

448

716

797

89

733

526

111

477

372

963

864

287

363

8

897

966

628

530

824

954

50

824

14

448

699

545

970

658

596

51

200

235

932

557

573

797

540

246

752

94

409

799

172

559

655

580

668

615

876

448

743

815

787

851

440

791

256

992

790

988

526

729

40

332

845

304

859

138

124

686

823

28

129

97

854

171

643

798

994

239

318

938

984

911

729

992

489

806

665

853

71

732

895

411

57

836

740

419

794

944

958

680

813

513

637

89

246

923

264

708

137

451

161

371

320

454

907

564

513

772

176

969

768

583

280

457

983

292

157

591

32

531

396

423

413

937

477

766

318

878

898

820

191

720

854

335

308

439

718

874

71

609

588

77

972

122

194

903

579

644

338

723

976

654

896

901

481

453

519

342

134

952

275

118

790

795

220

224

198

968

367

637

447

264

84

702

764

812

260

32

37

599

888

25

770

332

304

980

739

232

618

347

953

249

837

814

232

43

320

436

258

173

730

919

317

100

550

895

322

950

120

485

476

100

971

102

40

835

243

465

769

165

15

991

579

473

126

685

516

123

383

542

685

733

532

73

287

684

172

454

589

680

611

554

892

110

12

879

458

735

934

76

193

737

96

86

518

216

833

142

138

531

505

654

459

638

507

356

540

570

145

57

369

565

267

177

939

684

447

470

958

614

483

976

662

554

416

494

421

916

648

520

190

526

806

162

117

336

150

131

737

832

902

891

500

208

200

140

406

828

870

140

656

791

975

241

131

456

887

56

639

447

28

316

889

804

547

580

893

780

91

784

925

828

245

933

52

448

66

878

118

99

494

327

984

485

638

779

637

805

17

207

700

832

777

193

688

812

156

798

529

956

371

79

328

512

319

29

333

849

184

279

908

365

211

628

292

191

101

148

316

823

631

614

350

777

469

996

342

316

43

811

317

397

711

884

770

166

420

884

812

711

97

772

725

344

883

998

841

64

59

546

997

960

217

680

696

661

379

488

883

150

24

503

896

749

847

207

721

930

565

601

327

93

966

609

726

21

865

884

688

209

59

793

344

736

218

439

28

75

946

733

314

828

277

635

713

754

109

802

91

925

107

565

97

171

761

959

682

169

288

203

673

547

248

456

32

366

626

928

961

350

771

836

859

431

573

579

736

907

598

581

743

70

970

638

492

82

212

697

869

602

46

328

349

741

316

622

507

494

629

804

894

333

462

316

771

832

594

735

398

479

814

303

665

512

464

256

126

992

245

820

992

604

552

32

130

77

476

767

449

957

752

7

810

35

377

55

808

399

109

731

875

437

654

565

269

925

74

478

802

319

505

843

760

146

11

642

259

475

731

957

939

708

182

61

513

303

465

216

29

696

536

399

639

951

803

126

378

446

162

132

65

551

517

853

919

728

356

672

343

178

923

420

425

234

122

605

671

681

94

502

247

97

667

516

67

650

831

364

646

680

980

599

147

475

608

959

719

673

273

690

388

521

73

723

567

434

429

457

675

434

699

521

866

419

819

622

698

209

106

39

348

314

44

966

73

195

915

838

835

941

519

166

369

267

66

76

104

252

531

930

900

478

983

104

686

964

215

758

449

554

721

65

800

782

287

609

37

227

725

394

337

152

233

184

609

779

514

90

427

538

555

425

42

909

197

136

283

844

451

408

14

88

960

42

230

852

89

565

568

966

22

491

13

831

459

793

570

453

83

663

788

706

49

246

684

152

238

657

480

55

131

692

439

150

768

987

213

867

683

971

870

637

885

912

704

971

291

682

774

202

960

48

217

252

847

107

11

494

732

595

775

882

217

701

59

191

171

524

502

37

955

199

494

8

550

58

557

232

923

222

588

109

98

676

267

505

59

350

55

62

601

743

196

589

515

564

792

158

27

811

649

652

465

228

117

14

491

614

20

601

489

993

710

754

463

807

702

26

231

969

174

919

900

754

907

80

342

335

144

181

887

420

226

999

378

984

857

536

448

284

207

985

356

648

992

249

816

64

553

199

595

567

170

310

176

855

689

382

643

900

615

797

573

308

968

950

905

631

890

877

308

896

413

54

399

111

896

194

357

223

230

485

567

596

999

498

57

848

307

308

90

231

527

62

187

669

1000

695

146

751

965

481

459

625

326

891

290

577

625

48

700

927

617

571

587

948

100

707

528

103

488

71

440

150

679

37

467

643

925

583

221

628

830

246

729

182

124

134

594

942

947

479

89

736

465

640

72

339

478

238

584

234

188

743

171

638

651

968

654

562

274

784

711

408

684

912

903

922

371

320

622

963

28

851

487

572

371

325

173

29

250

291

384

284

163

593

396

616

991

276

834

724

293

103

213

416

574

666

138

940

503

538

67

653

392

808

46

490

687

479

952

15

336

760

313

624

941

817

757

629

193

471

833

475

475

344

413

804

79

544

9

848

783

848

919

391

77

301

167

686

878

463

86

578

117

980

526

368

513

469

809

480

227

667

652

277

910

6

413

137

727

325

148

554

544

932

312

41

297

887

844

72

347

518

144

919

414

706

975

871

427

653

769

490

993

739

718

899

10

214

320

693

173

595

744

616

705

190

351

61

352

421

664

268

331

74

478

823

362

718

731

448

26

317

366

142

762

522

509

680

498

283

815

749

1000

33

325

54

755

430

405

58

95

795

673

168

650

343

114

140

220

222

94

551

103

204

786

132

384

711

364

350

285

16

434

165

252

873

722

949

557

79

265

299

516

717

62

32

595

707

560

140

147

978

739

139

810

975

854

943

399

310

894

594

222

868

6

924

871

284

606

225

36

428

432

305

359

727

47

730

267

103

255

877

106

916

966

161

576

61

453

222

255

561

352

804

342

157

759

929

115

378

445

612

35

9

19

902

643

936

363

530

333

337

662

452

285

487

919

660

622

653

472

172

859

900

530

690

755

824

9

750

183

802

965

52

46

991

113

899

575

103

782

658

526

354

583

943

370

655

32

181

405

221

525

699

921

300

271

389

540

147

169

892

702

874

269

546

478

850

58

321

596

704

326

928

168

697

82

195

20

804

866

638

189

554

482

341

781

881

469

772

202

541

165

409

418

130

987

958

621

561

125

552

954

9

107

588

642

683

839

518

930

181

129

617

971

82

746

887

406

951

728

845

414

277

282

551

23

847

416

373

941

588

391

583

834

39

711

7

704

222

965

625

468

260

639

63

816

703

324

389

741

334

988

121

375

769

723

944

483

546

289

668

825

839

862

172

892

420

681

310

433

671

429

746

788

820

703

940

15

262

719

278

418

656

394

707

977

380

571

999

792

289

886

588

889

380

58

223

538

403

327

766

130

676

354

515

505

487

86

734

183

209

726

631

201

476

809

30

325

623

492

216

319

556

117

138

468

301

35

33

714

55

605

397

126

976

470

453

413

688

918

944

461

623

559

125

949

396

499

759

23

83

193

913

985

535

878

387

627

123

464

662

188

314

553

596

496

622

612

509

495

118

360

609

514

118

136

74

264

646

72

274

340

902

735

697

350

475

773

116

909

19

255

433

900

755

837

940

303

226

433

994

387

714

83

123

228

356

397

853

828

808

637

242

142

902

200

76

767

662

383

367

293

147

523

482

95

753

238

934

758

487

919

656

353

684

25

721

159

157

101

197

359

741

699

830

331

126

96

900

602

276

758

794

547

945

894

543

634

112

46

276

763

147

50

369

485

765

699

892

505

466

900

877

366

995

754

335

737

775

984

989

512

585

366

411

416

533

530

60

802

54

342

313

677

569

779

837

884

117

498

96

35

161

297

235

448

881

740

844

349

984

61

739

970

240

980

319

304

686

442

33

809

823

728

655

313

878

325

332

429

459

884

22

256

516

946

910

984

347

635

499

126

885

477

263

655

222

992

570

618

76

898

511

481

703

77

808

910

933

617

854

814

451

398

849

918

938

322

833

35

842

434

791

619

579

349

895

462

499

580

809

633

506

923

331

996

311

653

445

733

188

888

692

669

36

758

961

914

428

566

78

576

264

96

48

922

657

479

548

202

726

861

703

68

177

978

207

412

586

438

952

164

208

7

696

857

193

268

608

615

471

780

668

351

201

885

140

460

647

507

991

204

777

278

572

54

239

219

965

417

623

18

745

310

987

712

289

250

626

415

614

877

911

449

458

434

42

992

117

570

154

168

423

173

229

743

972

629

553

120

165

503

467

275

861

308

570

39

637

92

666

799

23

879

66

633

993

490

402

697

128

175

757

476

365

60

112

247

342

886

566

796

276

549

806

807

601

53

508

645

664

12

536

718

982

221

884

785

326

696

329

880

975

255

67

78

241

841

891

947

740

701

835

291

607

328

48

182

15

822

756

452

448

235

62

850

961

155

224

907

540

89

472

191

595

360

291

840

201

375

641

267

311

171

562

375

930

568

915

148

882

843

396

696

732

95

113

829

742

130

567

514

847

203

321

361

761

36

872

638

836

818

493

698

221

596

672

198

95

859

131

466

824

786

368

517

10

347

700

117

259

276

630

870

422

478

35

417

15

609

59

853

46

861

667

370

23

462

851

953

391

329

317

488

331

489

820

915

39

843

750

565

585

263

850

21

26

700

322

454

252

825

921

99

832

491

460

697

871

879

603

414

565

402

888

86

408

80

213

993

259

280

32

212

980

81

847

532

460

265

102

935

192

580

309

707

420

209

517

268

412

206

127

541

461

670

525

7

47

92

152

645

966

901

314

803

266

374

892

155

922

352

65

498

312

60

228

532

233

574

593

434

346

167

272

416

67

759

813

177

751

631

766

882

765

735

232

960

806

57

152

551

200

912

617

440

314

967

414

936

469

104

588

582

312

613

407

737

812

135

858

674

830

394

726

293

843

289

890

592

90

82

618

949

105

410

522

353

90

420

747

143

98

653

444

974

170

21

541

67

37

909

751

688

227

56

751

983

161

721

999

861

403

700

901

135

514

711

451

655

769

940

762

509

891

80

492

920

512

766

702

949

811

321

668

374

534

902

391

811

439

796

469

513

634

891

228

404

354

817

250

681

773

196

266

163

413

414

580

473

996

647

381

254

354

17

69

558

891

743

142

776

132

598

736

382

286

124

969

681

432

364

656

71

279

470

432

435

780

724

983

342

170

142

409

810

16

490

321

133

227

367

328

529

608

782

221

543

362

770

599

709

295

783

954

890

870

173

124

370

83

74

887

227

831

251

284

351

520

462

16

631

678

775

43

753

262

783

478

795

600

291

78

296

850

898

977

176

505

707

426

893

667

463

845

977

48

464

916

366

374

492

988

457

712

567

247

370

976

562

858

848

451

796

686

887

698

906

283

315

652

542

454

370

73

800

238

511

42

767

709

588

869

599

265

433

811

925

693

167

365

56

991

418

434

898

712

896

504

464

339

285

52

661

672

195

924

387

954

198

693

410

437

612

961

536

329

908

487

64

353

362

484

956

272

742

610

476

106

469

81

12

181

762

630

638

208

970

228

632

875

833

593

303

854

849

967

798

820

553

148

194

101

436

881

217

738

308

469

930

979

114

776

656

260

74

557

566

891

195

477

825

913

490

33

385

792

782

32

739

937

712

311

515

367

49

522

884

653

748

881

363

190

795

209

778

361

544

533

665

577

887

757

740

277

483

93

26

496

718

770

769

994

632

473

753

717

848

351

617

474

481

490

534

841

375

365

869

439

164

499

840

109

406

286

223

37

881

580

366

248

76

155

558

361

553

112

549

909

882

743

257

900

941

240

530

264

176

541

888

20

966

527

700

72

511

791

893

971

547

149

93

801

394

761

650

605

958

716

547

206

99

913

181

894

807

497

61

490

784

322

888

123

845

639

888

227

596

500

679

834

622

525

32

507

339

426

534

490

165

862

936

119

885

78

31

775

712

813

172

252

760

469

16

739

52

115

939

600

869

725

906

580

167

699

448

225

519

396

599

676

916

715

78

987

326

173

479

399

662

904

722

609

74

797

916

572

742

763

803

161

322

376

856

108

504

335

452

685

102

798

555

33

887

406

676

403

923

310

524

132

483

56

671

897

69

504

598

292

147

484

706

574

849

503

129

102

97

143

200

430

210

282

726

918

320

27

718

773

592

644

565

91

45

334

573

995

420

97

632

464

965

523

925

374

207

102

934

214

7

664

409

127

288

166

687

462

111

220

636

136

636

185

397

948

452

101

264

391

416

127

222

905

365

962

543

96

734

587

48

256

673

131

760

658

362

734

681

436

986

248

79

364

645

55

682

248

315

178

269

713

470

218

187

578

514

177

529

295

802

216

860

833

274

65

702

745

624

725

620

20

754

584

865

404

227

127

896

703

698

201

210

651

358

676

556

56

813

290

620

280

920

103

456

966

898

759

813

891

438

669

12

836

864

292

55

486

102

972

672

347

152

609

90

149

425

571

699

854

378

903

238

367

944

409

998

552

166

516

492

357

851

661

699

721

155

41

504

19

105

530

154

246

152

560

832

68

297

93

139

696

561

839

21

646

159

629

196

772

173

535

329

978

508

931

386

149

575

719

435

588

189

924

422

600

516

688

578

936

994

891

308

882

260

850

247

813

273

764

23

918

395

118

552

846

890

76

651

772

786

585

117

466

900

338

971

248

754

946

780

690

389

243

875

160

374

271

827

808

854

711

144

517

204

889

19

956

546

7

696

568

236

424

434

973

187

950

571

204

175

432

217

990

688

877

342

227

916

592

720

349

430

507

700

55

220

126

731

931

411

409

361

414

152

442

355

532

196

783

708

911

66

297

496

609

379

708

837

16

504

263

831

671

189

369

750

887

354

101

364

695

915

495

734

899

853

567

391

344

90

493

277

402

916

231

189

563

84

952

972

921

843

79

313

277

538

933

833

138

431

494

567

857

70

732

271

802

109

400

542

475

145

266

387

617

649

624

31

932

984

578

343

813

470

720

788

808

163

868

993

352

190

143

270

37

253

794

712

168

521

826

384

177

891

287

994

861

99

996

298

964

699

163

472

538

277

236

138

7

873

970

262

300

276

36

922

149

200

95

930

402

507

466

949

816

659

679

577

480

476

725

613

335

405

338

88

465

298

866

514

516

53

588

992

488

885

764

826

856

975

12

228

533

942

157

270

660

222

61

31

664

615

52

949

520

630

586

555

738

770

633

343

68

111

672

760

245

848

1000

637

118

106

811

129

860

545

760

407

130

598

457

754

113

249

442

830

223

875

952

402

591

312

363

109

214

933

397

663

609

542

407

716

164

11

277

630

782

915

443

286

879

144

848

493

629

680

157

72

748

692

810

654

894

405

602

922

329

772

606

506

830

447

860

587

717

741

232

818

805

429

554

367

865

139

516

111

500

473

345

889

440

298

28

681

794

753

993

247

669

440

785

877

671

110

530

778

741

384

666

321

107

967

137

99

902

295

256

73

851

911

14

209

72

60

338

470

646

758

847

338

50

142

256

691

118

97

127

256

930

100

815

538

515

87

482

870

611

99

219

510

902

792

483

797

81

489

700

588

953

887

330

967

263

164

693

214

764

562

996

277

743

231

442

343

766

305

100

44

602

159

415

227

131

950

513

29

637

885

151

487

30

531

68

330

934

13

166

772

291

485

98

312

431

776

461

783

962

608

423

125

235

108

871

310

51

447

32

604

669

552

958

225

673

173

694

852

77

164

744

894

121

536

930

12

473

543

896

541

903

329

495

673

975

512

166

871

801

906

460

319

476

465

692

28

326

443

871

261

749

675

85

567

902

102

892

36

112

912

815

70

70

711

253

615

251

666

904

661

428

669

496

653

980

516

872

926

670

380

589

881

651

472

978

507

590

542

595

337

959

34

20

161

245

979

955

483

553

522

799

853

258

874

162

866

94

814

212

136

945

945

874

171

409

228

734

132

618

751

32

671

836

831

746

927

40

373

246

864

398

264

266

795

866

286

533

192

329

468

464

248

974

399

988

98

662

688

427

365

537

172

10

887

221

204

427

983

487

180

611

375

762

906

348

516

660

750

970

789

528

697

882

148

91

527

747

823

17

904

559

297

170

506

434

642

387

500

868

496

359

843

924

43

70

546

640

624

760

760

838

275

98

395

604

328

487

249

878

22

376

263

146

690

87

607

47

376

109

478

873

526

913

794

971

805

622

925

802

444

971

842

353

325

124

78

763

514

255

843

281

249

461

311

373

190

805

823

270

442

358

657

221

835

655

613

628

646

389

97

143

690

940

635

864

276

978

135

528

865

14

12

658

118

92

254

318

621

601

730

612

536

911

964

261

747

960

407

984

136

438

206

941

966

803

998

96

512

946

372

442

91

508

949

89

750

125

376

115

898

344

680

13

805

222

255

801

495

614

284

672

115

372

396

959

362

468

516

139

568

526

250

221

145

612

885

329

95

285

724

931

555

279

952

281

346

737

991

454

769

790

440

916

297

623

952

890

641

502

446

365

198

595

564

109

1000

992

900

867

633

266

258

759

452

670

805

563

10

598

387

235

930

38

625

348

136

431

763

389

194

426

821

198

564

223

247

866

871

420

108

417

712

804

233

93

747

136

402

760

715

490

155

458

423

882

38

562

134

560

391

359

747

329

89

636

150

200

590

702

947

607

252

875

828

408

208

66

214

426

953

552

711

447

917

760

915

896

637

496

64

883

359

533

468

873

897

28

213

864

400

503

262

777

285

346

893

420

143

413

127

334

782

670

697

293

535

290

219

856

880

5

766

547

230

729

398

423

586

507

946

722

68

381

670

72

523

351

739

978

927

952

570

595

101

213

339

782

620

410

761

847

44

85

94

231

213

787

191

731

184

669

891

152

293

33

457

294

371

179

626

35

27

427

500

141

477

532

900

574

539

494

324

698

310

62

157

822

285

903

332

537

672

69

679

605

779

358

304

995

781

474

321

811

352

940

137

411

572

93

767

987

78

336

339

471

647

958

525

146

247

438

400

505

285

387

18

242

601

129

760

667

83

588

528

935

156

715

174

353

662

643

644

55

83

868

399

717

852

588

917

551

933

691

899

715

542

753

443

743

336

613

622

190

52

837

344

468

238

399

676

679

321

528

953

122

307

334

672

993

47

171

484

475

955

554

454

248

207

786

44

302

108

908

63

809

287

852

102

656

520

638

166

571

710

117

317

76

309

944

948

391

862

163

524

269

77

612

28

520

653

946

793

657

456

921

431

351

13

374

205

883

755

360

810

46

612

196

269

878

503

429

647

763

191

438

508

276

260

101

536

981

63

62

978

913

614

773

307

967

39

802

402

335

982

481

390

282

90

837

440

48

434

359

477

173

312

118

780

545

120

38

10

74

455

419

480

331

888

457

174

371

594

793

635

277

219

138

577

935

944

644

57

163

11

788

629

298

441

83

1000

670

98

183

985

719

250

242

370

503

792

578

259

415

26

215

999

67

385

17

373

384

680

524

170

88

38

318

607

677

818

355

889

477

48

118

151

166

961

201

294

477

886

733

56

439

406

145

815

576

512

265

794

221

551

318

505

739

766

273

528

227

648

490

633

815

191

319

983

257

534

71

509

673

189

764

587

578

984

164

218

825

654

64

306

279

995

180

44

209

320

744

382

767

338

454

23

480

484

97

689

852

810

902

392

152

762

375

468

252

676

149

608

271

837

488

449

386

517

717

295

321

511

392

591

96

592

147

902

371

555

721

293

566

861

359

184

993

787

917

593

483

596

206

491

488

594

969

298

381

791

764

512

396

541

823

437

123

870

978

249

429

798

7

679

952

301

39

20

500

713

260

744

981

512

645

937

303

60

119

521

306

813

239

218

108

39

733

618

342

223

842

725

750

314

881

669

803

991

357

300

418

420

381

837

623

326

504

16

919

192

548

737

268

968

570

499

374

78

175

335

161

916

147

185

836

958

491

276

402

294

996

115

705

863

147

419

641

426

809

794

165

222

40

297

335

383

39

784

193

373

725

379

55

54

480

896

583

108

961

751

895

720

31

558

32

983

560

244

648

622

100

273

723

492

611

951

157

270

705

82

135

270

125

594

238

82

324

780

133

784

225

22

365

278

959

359

933

882

89

269

412

893

955

173

35

845

613

589

761

828

196

923

227

780

503

385

713

525

714

946

209

762

873

840

232

217

424

357

789

884

591

527

787

350

804

461

390

644

219

33

50

956

257

57

156

736

570

930

904

670

848

405

96

966

32

374

396

474

142

106

356

923

372

604

199

863

218

45

163

737

127

607

826

236

339

149

453

801

849

876

973

213

907

977

877

760

388

27

236

197

332

745

666

564

585

489

578

520

168

703

440

605

695

119

171

194

603

615

212

30

851

695

430

31

803

778

9

876

616

63

505

874

599

313

52

915

702

830

184

97

653

261

700

393

49

998

859

259

486

892

954

658

552

964

720

400

86

666

78

222

326

273

745

140

515

295

998

813

222

272

616

529

914

984

594

530

863

956

991

786

763

305

235

547

473

357

812

854

557

121

830

662

35

737

651

39

914

65

238

798

883

318

841

679

492

612

825

589

383

602

470

114

471

889

510

223

187

738

34

424

842

646

597

164

277

186

458

893

592

858

837

466

288

837

176

315

542

188

48

577

838

661

357

466

16

448

397

533

415

917

72

253

888

879

795

533

874

453

991

916

130

525

227

466

995

57

745

53

362

997

537

32

134

79

88

919

646

907

750

870

661

86

760

999

589

587

283

30

670

251

458

867

888

946

255

170

772

984

429

508

782

462

183

631

983

798

605

974

907

621

545

933

202

484

950

872

279

625

839

368

982

561

279

981

847

513

255

129

383

571

199

97

252

436

533

7

404

358

82

407

502

360

489

287

269

123

892

582

422

193

796

247

385

564

791

10

421

12

619

424

823

569

885

653

249

744

300

180

382

700

144

311

917

788

101

852

180

425

214

144

536

705

482

972

664

233

346

885

987

648

277

191

645

105

727

904

261

358

316

341

850

200

516

483

137

346

516

151

587

809

959

188

652

551

714

178

918

105

759

586

140

263

295

365

351

935

847

635

550

686

264

323

111

658

270

222

197

152

23

849

175

60

159

338

325

518

558

853

181

936

515

940

466

626

1000

205

201

107

653

684

47

120

972

473

140

46

797

171

740

444

63

564

857

806

985

766

800

211

326

131

644

353

268

859

505

109

906

699

968

998

998

766

190

547

817

320

645

15

56

135

889

676

514

200

440

447

874

852

333

292

531

345

942

924

778

205

313

654

648

237

493

624

972

474

69

484

346

367

996

624

986

575

23

338

577

595

853

401

293

657

165

244

179

507

308

919

967

137

942

244

867

974

698

205

666

346

992

580

421

802

27

192

914

435

997

941

673

903

773

81

894

421

985

165

942

385

43

27

572

263

75

436

419

184

495

858

788

804

883

132

482

418

467

322

48

697

149

607

394

838

842

535

801

573

355

54

333

906

145

579

638

8

618

438

853

128

158

674

402

40

338

465

524

190

82

851

903

145

770

679

540

844

764

634

602

176

319

257

947

233

190

825

943

690

918

982

453

194

172

784

888

787

562

642

74

100

698

853

31

19

798

722

794

610

352

267

235

637

624

114

236

191

305

139

793

176

885

349

619

590

865

551

549

964

376

189

879

489

827

443

397

285

721

699

735

560

461

844

370

826

836

701

67

82

799

447

567

792

830

914

918

582

428

724

882

479

121

516

785

168

823

373

240

54

858

363

293

577

708

969

863

211

743

243

880

114

864

392

40

56

843

753

75

862

694

615

681

453

332

30

581

628

885

342

882

240

763

129

965

25

473

17

294

833

5

661

507

975

677

426

536

481

606

787

591

401

802

696

562

358

109

350

577

576

653

94

766

805

775

290

920

818

264

777

619

457

656

453

965

234

724

33

103

237

627

556

125

898

656

119

401

910

503

134

412

441

154

737

636

598

195

765

412

119

903

140

56

5

310

680

625

358

74

221

51

806

618

871

316

775

406

233

318

47

135

409

555

278

260

331

836

857

422

305

899

312

302

301

485

503

241

761

908

581

983

595

774

68

308

82

749

41

83

929

472

888

240

748

715

801

320

526

21

728

709

853

922

522

501

671

542

69

83

573

67

881

658

587

603

600

640

779

548

8

741

460

422

463

721

168

896

256

468

721

358

639

605

171

16

607

125

435

97

992

806

731

886

807

430

543

510

496

479

643

550

671

717

246

964

544

74

646

67

518

704

531

895

825

285

711

324

877

609

382

617

754

920

353

733

155

91

680

128

583

910

518

706

322

795

170

845

629

487

247

820

539

526

792

774

851

113

511

381

30

817

766

751

134

884

327

593

656

88

344

797

511

995

423

529

349

912

512

543

266

756

697

158

277

66

168

885

147

386

396

851

278

587

340

349

988

774

728

43

402

165

854

167

403

519

762

664

675

643

548

493

127

777

194

252

125

743

530

504

772

95

518

210

14

176

66

312

185

157

254

602

792

464

202

406

35

17

731

480

592

923

708

467

750

167

685

318

469

771

630

997

778

763

89

657

621

33

668

571

981

173

402

850

550

175

441

31

477

24

255

577

28

199

348

340

496

478

568

929

114

23

502

358

445

663

269

977

6

894

422

661

726

698

589

81

570

38

746

65

686

937

787

286

887

50

8

461

908

74

920

635

375

80

491

103

481

574

801

101

837

123

435

812

979

592

447

325

94

230

96

213

63

308

528

350

391

723

478

420

502

272

337

971

711

275

128

379

634

727

254

671

113

882

229

733

374

500

653

597

235

985

405

551

712

258

61

450

422

990

398

663

921

559

155

927

160

618

939

764

39

216

217

252

75

87

180

735

623

989

439

483

247

87

177

628

724

469

655

732

661

15

985

806

547

537

523

658

864

701

57

325

934

833

675

963

734

152

196

296

65

456

115

568

750

893

619

32

774

951

737

937

332

919

582

185

748

439

929

288

386

682

522

542

511

747

866

160

728

309

254

894

190

456

929

377

319

942

994

621

46

526

363

59

104

416

768

142

195

749

799

698

187

401

501

330

509

404

865

480

720

77

422

902

355

88

447

624

192

55

509

491

66

463

140

475

623

198

708

832

326

298

719

554

35

735

140

87

771

987

619

516

798

136

418

755

986

757

571

153

299

683

634

270

396

163

125

237

604

649

396

817

461

130

59

248

849

607

361

118

191

979

6

673

497

962

208

131

670

95

55

443

655

696

570

981

270

35

749

157

312

859

88

243

11

695

312

430

31

435

968

639

942

947

931

19

977

252

518

786

105

152

82

757

359

967

879

227

507

621

486

864

50

127

388

773

897

611

274

775

894

779

249

458

646

601

311

20

558

804

506

376

799

261

989

502

246

564

140

654

118

964

126

643

274

897

289

301

317

919

802

805

404

753

776

424

475

814

859

137

261

68

820

920

392

83

690

726

712

871

435

226

848

986

732

648

103

418

700

205

520

817

865

582

304

862

975

94

150

49

15

440

801

725

365

892

114

760

876

656

980

82

85

32

324

816

833

151

467

510

627

601

435

865

828

357

35

279

145

482

598

311

625

907

887

599

160

687

82

270

573

587

720

784

188

336

359

164

811

130

629

34

150

920

965

129

950

722

196

726

596

668

654

380

598

668

852

723

227

136

603

290

958

495

978

960

629

314

905

107

532

539

820

712

518

833

86

301

46

550

899

583

297

18

880

582

67

701

416

16

797

102

656

799

988

949

965

772

413

386

172

560

636

71

819

69

352

69

199

197

85

670

435

614

912

113

887

632

373

476

80

62

395

389

832

746

146

311

782

865

430

372

505

802

801

941

58

416

316

378

401

862

901

530

711

355

18

377

148

966

111

763

888

456

539

902

306

147

756

79

999

654

8

365

341

676

465

32

598

776

394

851

531

989

884

851

91

610

916

720

91

614

667

817

421

152

428

654

836

589

114

709

747

268

461

331

513

594

466

986

578

368

292

346

154

887

108

335

752

558

89

731

670

599

804

823

962

363

759

418

756

537

640

243

183

952

38

35

201

701

365

152

503

700

676

213

581

836

826

501

278

250

171

157

230

251

931

802

615

874

458

227

140

566

319

710

569

813

837

433

420

217

184

510

438

222

451

621

161

572

665

235

843

590

830

953

308

40

539

934

432

727

143

433

761

49

848

85

326

333

728

841

774

290

147

911

909

437

999

264

305

837

219

375

574

459

391

140

21

402

21

957

184

529

402

514

29

457

804

630

950

373

567

677

870

849

800

243

774

280

167

268

123

441

54

599

252

52

814

694

348

391

190

802

539

121

490

474

778

494

295

60

696

679

516

52

638

711

175

159

522

253

89

302

466

540

378

28

968

791

216

180

410

16

926

990

151

503

655

693

323

720

93

42

242

872

626

99

450

792

123

627

650

216

730

296

877

424

941

995

941

570

397

817

152

647

293

534

592

593

256

988

547

464

575

313

756

957

804

548

767

31

426

430

150

497

21

228

868

559

7

584

359

544

498

240

479

707

392

392

578

237

241

259

101

155

10

27

175

327

323

230

958

454

821

120

152

534

691

467

438

878

268

154

336

569

12

466

9

742

119

491

523

928

721

263

966

660

298

976

740

887

511

76

79

238

468

149

695

468

258

775

693

887

736

172

877

174

125

961

344

499

371

646

506

965

48

72

887

98

36

609

709

490

675

479

142

47

338

872

745

100

517

831

404

233

659

936

275

57

424

500

309

775

105

428

914

721

336

926

964

574

933

361

644

660

765

858

105

987

818

398

203

396

884

933

549

57

642

772

724

414

16

658

229

382

242

28

677

231

95

940

194

250

805

271

384

372

497

743

60

884

644

504

529

535

156

210

484

906

920

238

180

240

396

837

779

272

489

264

190

443

73

95

243

958

103

674

483

429

190

248

619

558

358

407

931

714

456

739

973

967

45

627

333

923

524

698

992

322

469

462

175

489

531

971

378

892

250

396

400

308

360

676

985

644

580

721

865

9

997

371

577

507

566

825

352

550

438

775

142

888

243

682

552

76

668

782

758

655

87

327

727

178

144

429

799

469

952

530

599

516

250

237

270

347

455

668

382

306

616

346

38

887

571

306

694

872

715

148

302

675

921

57

386

136

105

103

112

812

611

796

583

198

170

887

696

855

533

576

450

518

568

522

805

540

301

114

64

659

926

277

113

208

365

290

983

349

428

981

449

448

103

682

642

585

476

153

605

360

324

621

553

656

595

679

596

530

764

867

527

368

933

475

945

664

953

488

643

875

229

602

830

483

254

948

821

955

879

150

541

626

833

680

129

578

543

207

634

432

853

387

602

530

733

532

773

493

714

303

162

810

587

552

636

237

833

961

610

259

82

102

280

651

704

603

977

458

987

477

835

188

992

17

238

923

302

449

443

810

729

223

512

261

990

369

701

306

253

584

768

122

835

590

791

612

969

328

19

630

769

34

233

453

988

196

425

344

482

497

475

754

343

621

33

333

775

131

5

251

846

753

513

832

207

642

493

519

46

948

19

969

439

148

677

733

133

625

599

196

947

347

50

545

948

796

861

356

48

168

477

782

801

351

795

527

89

219

423

472

631

851

189

799

206

175

908

515

575

25

875

98

947

21

943

941

140

567

757

120

85

631

967

549

933

323

295

488

428

186

212

682

842

437

648

414

798

861

827

489

56

5

236

535

596

89

660

62

26

857

504

221

403

336

166

26

120

898

16

675

749

851

525

522

942

725

248

750

302

257

673

497

434

883

881

809

416

728

112

168

129

221

899

573

634

123

16

478

638

799

327

343

904

405

424

50

51

54

67

910

585

114

695

693

785

910

832

271

490

964

451

189

183

779

552

605

418

787

896

540

257

701

877

645

938

261

905

781

526

465

351

700

481

94

290

769

673

138

51

479

839

230

44

774

849

485

702

118

323

469

613

262

380

800

374

788

832

624

10

907

840

307

527

396

210

442

149

362

143

408

919

720

643

350

299

657

549

320

226

162

758

177

336

825

781

726

304

316

425

558

859

188

464

707

457

851

779

472

246

826

125

518

655

357

545

414

340

861

69

849

107

137

994

422

804

802

568

454

250

905

955

913

490

386

540

428

732

517

884

609

717

669

561

10

187

174

534

422

397

398

212

58

213

808

119

914

247

312

444

46

198

166

383

982

955

512

698

525

466

721

115

447

997

916

952

425

749

551

60

404

365

624

651

720

56

234

408

453

101

386

943

190

20

774

498

407

738

779

704

792

725

455

545

380

146

644

863

642

487

965

509

906

678

531

871

569

430

668

570

768

89

780

357

270

227

337

820

573

922

517

106

964

184

641

859

147

241

457

917

111

364

486

110

114

167

709

463

421

357

78

344

795

467

535

356

298

850

599

819

783

32

188

910

953

233

852

23

333

342

748

177

300

243

740

630

827

50

21

395

284

875

685

381

874

923

229

610

395

535

23

354

359

794

580

168

41

267

324

33

581

246

339

958

369

978

415

523

383

133

205

328

516

275

293

573

216

772

876

248

764

539

895

135

824

463

594

75

639

565

753

991

984

701

331

617

697

257

639

776

185

760

934

410

419

73

114

13

925

111

137

498

887

111

505

668

293

294

300

761

496

723

142

400

482

398

17

230

85

576

335

592

377

998

66

90

939

882

228

577

640

352

134

784

837

114

381

464

138

190

797

165

502

764

440

314

27

629

174

661

929

298

916

365

386

793

506

647

255

779

114

381

310

976

137

596

100

310

262

779

253

489

404

482

388

714

580

45

142

812

76

375

10

361

400

529

858

463

285

150

461

28

107

972

614

742

988

927

588

764

184

656

131

384

465

532

401

941

334

348

798

422

251

127

647

386

199

494

124

672

856

135

833

631

277

141

951

778

304

394

586

528

801

932

701

624

397

852

710

750

125

316

635

523

9

442

963

388

947

462

207

353

374

693

763

406

978

535

544

18

280

914

829

640

378

485

248

985

699

352

215

191

124

809

690

916

642

356

257

640

991

953

544

449

666

402

716

603

720

897

859

788

966

57

906

990

426

363

537

832

671

972

636

664

598

804

747

300

975

417

878

781

963

376

466

873

438

719

876396

953211

845630

871058

930270

963250

815680

888059

943335

987000
